Timestamp,Attention,Meditation,delta,theta,low-alpha,high-alpha,low-beta,high-beta,low-gamma,mid-gamma
2025-01-03T00:10:43.894639,37,27,65575,108065,25792,18226,11341,32287,13418,3724
2025-01-03T00:10:44.895320,35,40,319736,60029,14438,19882,11927,12180,5923,3274
2025-01-03T00:10:45.895928,29,53,752114,110879,28588,11192,8526,8628,6859,4401
2025-01-03T00:10:46.895984,30,54,139500,22900,3983,3688,1540,2209,1951,1398
2025-01-03T00:10:47.896715,17,50,623169,189365,28889,3216,7305,8905,3307,1003
2025-01-03T00:10:48.896927,20,47,258329,41812,12672,7300,5077,11404,3151,3860
2025-01-03T00:10:49.897278,38,44,387201,20110,5604,3990,7980,12034,7676,2047
2025-01-03T00:10:50.897887,37,60,13108,19654,26104,20750,12011,4866,4765,2167
2025-01-03T00:10:51.898495,47,64,396698,80087,8321,22890,24562,13332,9839,8914
2025-01-03T00:10:52.899183,50,57,81758,34736,2117,5715,2580,9219,4599,1370
2025-01-03T00:10:53.900097,41,69,176407,45192,10563,48972,13678,16707,12318,6757
2025-01-03T00:10:54.900700,57,66,27751,10592,29890,767,10825,15718,5088,7548
2025-01-03T00:10:55.901449,69,70,20020,10315,17482,9262,27794,17220,13762,2760
2025-01-03T00:10:56.901620,50,69,45726,75590,4175,8666,7131,2465,1875,1306
2025-01-03T00:10:57.902265,38,67,75480,80836,34766,25202,14112,6032,6442,1785
2025-01-03T00:10:58.902975,20,54,445031,256470,56055,24724,22148,17426,4564,2174
2025-01-03T00:10:59.903113,14,56,1475495,86963,70634,10778,26481,45154,17032,9600
2025-01-03T00:11:00.903928,30,56,72932,68529,10810,4257,9352,13427,1964,2441
2025-01-03T00:11:01.904175,53,43,70086,49137,6870,10856,33245,31081,11331,3729
2025-01-03T00:11:02.905052,63,61,350112,9204,15952,13228,5164,6708,3436,3145
2025-01-03T00:11:03.905505,44,64,279990,39503,24353,10115,5091,2863,4476,2546
2025-01-03T00:11:04.907007,41,75,12390,58124,24808,7381,1491,9823,6048,2675
2025-01-03T00:11:05.907414,34,81,175285,59336,17030,4342,1958,14298,1758,1713
2025-01-03T00:11:06.907753,30,67,102021,23528,12154,2353,5163,5301,4080,4146
2025-01-03T00:11:07.908104,56,61,125324,13635,2562,11636,7168,16418,26604,14177
2025-01-03T00:11:08.908795,61,63,1334949,53927,21488,27943,15497,18673,25376,6734
2025-01-03T00:11:09.908840,54,64,1298757,281019,41253,56626,10224,29791,12309,6672
2025-01-03T00:11:10.909526,51,77,539214,38618,48417,51916,19031,14190,24896,3247
2025-01-03T00:11:11.909682,38,88,518859,41125,57362,27058,10830,16891,12634,6414
2025-01-03T00:11:12.910233,34,74,139559,15242,1739,470,826,2102,593,374
2025-01-03T00:11:13.910581,43,77,312532,27176,14560,6793,7332,10959,3098,2694
2025-01-03T00:11:14.911513,57,57,32218,35330,15830,3000,22171,29638,15000,11650
2025-01-03T00:11:15.911970,63,37,330303,206681,16051,21990,17562,64467,27059,6868
2025-01-03T00:11:16.912330,67,47,292200,65995,12193,17660,11801,19194,21972,16634
2025-01-03T00:11:17.912713,57,41,240618,97610,28340,3866,9075,8270,3343,2272
2025-01-03T00:11:18.913589,56,48,693345,40092,44694,5871,23117,44592,18931,9265
2025-01-03T00:11:19.913614,50,51,619342,207850,36405,13192,6040,31057,15109,7333
2025-01-03T00:11:20.914316,57,34,34886,18582,544,1206,4973,9186,4774,1178
2025-01-03T00:11:21.914417,61,30,501277,113175,23899,11337,11329,15656,9940,5187
2025-01-03T00:11:22.914709,64,20,34058,22148,2111,4019,2886,17828,2216,1038
2025-01-03T00:11:23.915275,69,14,144425,22248,1397,1994,3365,5283,2325,1934
2025-01-03T00:11:24.916174,66,37,223430,13519,1804,10666,5066,8785,4089,2446
2025-01-03T00:11:25.916735,66,43,446785,43454,10364,10901,880,6748,4087,1220
2025-01-03T00:11:26.917368,50,47,921260,236477,35519,36175,55391,31708,9679,2512
2025-01-03T00:11:27.917432,51,57,107061,69884,16696,36452,61116,33879,27170,6870
2025-01-03T00:11:28.917642,50,54,1276583,95302,33275,18278,7724,41940,14065,6713
2025-01-03T00:11:29.917863,53,60,1287871,130868,92173,23105,21773,35580,20105,11978
2025-01-03T00:11:30.918690,56,60,127458,73738,14887,5661,5179,14714,16933,1246
2025-01-03T00:11:31.919124,51,64,359212,28978,20149,9257,10859,9566,5514,8051
2025-01-03T00:11:32.919458,47,61,427046,62114,13645,5709,4897,12072,3639,2144
2025-01-03T00:11:33.919857,50,41,70369,15453,1659,79,480,3323,888,218
2025-01-03T00:11:34.920108,51,43,218232,248210,16575,70132,11993,65592,22849,4018
2025-01-03T00:11:35.920707,50,29,634139,102235,14762,5920,6231,18195,3670,4471
2025-01-03T00:11:36.920733,54,38,336432,19304,3793,17908,8744,11990,1644,6983
2025-01-03T00:11:37.920881,51,51,151696,43819,12000,7533,4356,7995,5458,3103
2025-01-03T00:11:38.921006,44,47,188769,49305,7196,1902,2442,5733,4239,1031
2025-01-03T00:11:39.921170,57,48,160009,10790,2130,2008,4977,9228,4827,1091
2025-01-03T00:11:40.921740,53,41,1178808,197315,47133,27447,24071,38242,39200,33686
2025-01-03T00:11:41.921850,56,35,752124,194481,31108,20388,17012,57017,20972,22575
2025-01-03T00:11:42.922636,66,48,646118,40874,26935,19347,12276,21931,14950,5294
2025-01-03T00:11:43.922866,63,48,1706772,79384,10106,14404,20253,46507,22714,10153
2025-01-03T00:11:44.923173,70,54,1784311,90304,88411,15144,15062,60166,30687,16510
2025-01-03T00:11:45.923648,80,61,176620,60181,15390,21703,10388,47544,19943,5786
2025-01-03T00:11:46.924470,67,44,249802,108908,8463,6357,7777,10011,10478,4053
2025-01-03T00:11:47.925093,57,44,1069007,209081,26713,21740,26561,36764,21066,5830
2025-01-03T00:11:48.925633,50,35,1432747,180184,29014,25313,11299,32876,32983,25080
2025-01-03T00:11:49.925959,40,16,144861,68566,692,3766,3932,11082,4388,2588
2025-01-03T00:11:50.926756,44,26,969217,138823,22532,42122,62268,24939,40104,8578
2025-01-03T00:11:51.927313,53,35,65043,17256,7430,4237,2877,11693,4040,1570
2025-01-03T00:11:52.928187,50,34,155425,31711,4048,3880,3532,4108,1338,705
2025-01-03T00:11:53.928253,47,61,352211,59170,47137,18936,11392,13513,7227,3515
2025-01-03T00:11:54.928524,40,53,88858,30125,3613,1537,3895,2170,1537,955
2025-01-03T00:11:55.929401,35,54,251696,4549,2286,827,969,1817,2172,463
2025-01-03T00:11:56.929942,40,61,101384,16232,8750,4337,8600,5897,5316,2434
2025-01-03T00:11:57.930399,60,43,13991,61284,22788,2990,44084,76473,8788,14322
2025-01-03T00:11:58.930878,69,54,82094,27287,7328,14360,13157,8015,4691,1513
2025-01-03T00:11:59.931554,69,43,1322459,238715,26393,13443,5532,61295,12155,6360
2025-01-03T00:12:00.931928,63,38,264553,45134,12525,4583,15972,6796,6672,5986
2025-01-03T00:12:01.932012,41,37,1592223,265847,20789,27654,65556,27974,15118,4969
2025-01-03T00:12:02.932314,48,35,571822,16851,5485,3840,3528,7345,5567,2190
2025-01-03T00:12:03.933243,37,41,170850,30676,6024,3008,3247,2601,1422,418
2025-01-03T00:12:04.934161,37,40,1264804,95894,12399,13844,11823,12459,13215,10799
2025-01-03T00:12:05.934849,27,35,54517,46364,2935,685,1364,1695,683,425
2025-01-03T00:12:06.935774,20,20,54001,29349,2350,1231,11276,4317,4712,825
2025-01-03T00:12:07.935846,29,17,267264,93494,13223,15173,8866,26005,16298,7251
2025-01-03T00:12:08.936122,38,24,14938,50434,14986,23491,12387,21826,23989,10177
2025-01-03T00:12:09.937053,48,30,89919,87047,11468,2597,4706,10611,3017,1915
2025-01-03T00:12:10.937966,50,56,1454440,90245,80287,62502,15983,30674,24842,20859
2025-01-03T00:12:11.938804,56,63,175353,13231,5700,4145,5511,9503,7355,3234
2025-01-03T00:12:12.938857,54,63,171928,104317,30176,40770,18655,36290,22983,6218
2025-01-03T00:12:13.939280,53,67,56818,34698,6972,2789,2937,3985,4526,2388
2025-01-03T00:12:14.939973,54,61,145198,21465,17591,5349,14440,6125,13469,2592
2025-01-03T00:12:15.940720,44,61,125601,34161,9327,10456,7882,7736,4111,2143
2025-01-03T00:12:16.941527,38,61,155336,67199,22566,10586,4344,10229,6487,5392
2025-01-03T00:12:17.941873,51,61,244725,16180,2773,4453,4601,10050,3385,3175
2025-01-03T00:12:18.941987,63,48,118926,19658,701,4320,3876,12120,3563,3562
2025-01-03T00:12:19.942136,67,44,88824,19344,2557,6971,5202,8096,7737,2629
2025-01-03T00:12:20.942209,66,34,544413,359153,49422,19554,62157,38888,20152,9692
2025-01-03T00:12:21.942500,60,37,139931,47234,1524,19599,7642,15306,3839,3095
2025-01-03T00:12:22.943309,61,50,52469,52609,35683,22357,12059,57046,22250,9645
2025-01-03T00:12:23.943485,64,54,32450,8734,5602,5425,4239,7459,8773,2029
2025-01-03T00:12:24.943658,74,64,198604,51515,11704,15242,5475,16128,12345,2738
2025-01-03T00:12:25.944483,70,64,275847,125477,40921,14088,21707,34394,18101,15154
2025-01-03T00:12:26.944597,64,57,345146,25611,3591,7381,7379,9928,3711,3486
2025-01-03T00:12:27.945503,60,48,2935946,166791,20334,20625,7020,41711,34328,3112
2025-01-03T00:12:28.946369,64,48,21639,25519,5544,10017,4789,14733,3160,1921
2025-01-03T00:12:29.946970,61,57,1944421,208936,228595,30273,20849,70569,21637,8515
2025-01-03T00:12:30.947748,54,56,2011756,234470,49466,19162,24630,34037,41711,8788
2025-01-03T00:12:31.947772,56,74,25449,10274,22440,1220,5663,9055,6031,1727
2025-01-03T00:12:32.948710,48,63,495923,63658,10040,964,3104,13172,6171,2622
2025-01-03T00:12:33.949068,40,70,2190153,96303,230798,57010,38619,21382,24035,6735
2025-01-03T00:12:34.949279,38,63,171692,19977,1811,874,3493,2112,621,784
2025-01-03T00:12:35.949694,35,54,111285,59730,14825,20559,6796,17339,3110,4688
2025-01-03T00:12:36.950127,26,56,164467,24970,3054,2423,6829,1788,1022,421
2025-01-03T00:12:37.950563,38,41,412125,14598,6379,3055,4218,4462,1769,363
2025-01-03T00:12:38.951022,24,48,134221,162550,26488,13854,13723,5545,6402,1440
2025-01-03T00:12:39.951843,26,53,64846,13326,5372,17058,8130,7415,3893,1374
2025-01-03T00:12:40.952145,35,67,46716,26139,8346,18596,9470,8735,3375,3500
2025-01-03T00:12:41.952650,35,63,23723,10445,2920,1114,1471,2376,424,469
2025-01-03T00:12:42.952993,47,64,48540,20354,3364,2709,2262,2622,1823,1624
2025-01-03T00:12:43.953745,47,57,41246,6673,3419,769,3314,1926,1336,790
2025-01-03T00:12:44.954684,41,30,736569,178435,3205,5402,6587,19235,12488,2560
2025-01-03T00:12:45.955503,34,34,248709,67171,22165,4787,9452,5634,4522,3764
2025-01-03T00:12:46.955813,38,30,574731,121904,19909,10005,18298,27212,16496,16512
2025-01-03T00:12:47.956504,48,27,168284,39155,11355,17478,15009,46062,21841,11460
2025-01-03T00:12:48.956820,56,44,53528,25537,6442,2253,5854,7966,6802,1493
2025-01-03T00:12:49.957664,69,41,797452,189132,53537,8578,21578,66380,65378,6040
2025-01-03T00:12:50.957835,74,37,39731,19998,735,3244,6652,6540,4613,1177
2025-01-03T00:12:51.958649,67,21,192436,38709,2119,2980,12672,14726,4481,3160
2025-01-03T00:12:52.959435,61,14,2603001,561886,51470,24188,26510,64734,25694,8135
2025-01-03T00:12:53.959593,60,13,296503,289276,47384,18260,7608,86463,19157,5978
2025-01-03T00:12:54.959889,61,11,77744,113831,7284,9211,29802,41206,13522,13234
2025-01-03T00:12:55.960517,64,16,452273,67074,10952,3450,29918,44981,12517,9619
2025-01-03T00:12:56.961256,67,29,74434,47001,21231,6475,4123,10843,5312,1873
2025-01-03T00:12:57.961667,56,30,1545209,233787,53420,8982,3205,24735,16305,9494
2025-01-03T00:12:58.962274,63,43,424703,13863,9262,2726,7111,15189,3629,4689
2025-01-03T00:12:59.962845,53,48,181073,46229,1471,10447,6160,10467,4913,3152
2025-01-03T00:13:00.962891,63,51,1914723,38724,26449,26172,7239,39112,16590,10206
2025-01-03T00:13:01.963287,80,61,1202634,29884,43607,11116,14205,43556,17471,5712
2025-01-03T00:13:02.963373,63,50,25796,21111,1677,695,1751,2264,1240,451
2025-01-03T00:13:03.964066,48,53,718522,620075,157232,20486,31314,27647,13167,4406
2025-01-03T00:13:04.964292,47,38,1375817,234426,16739,28222,12921,91156,20520,4048
2025-01-03T00:13:05.964886,43,35,523276,110732,63535,18522,22287,67749,14972,5770
2025-01-03T00:13:06.965816,56,37,45368,22759,3706,2042,11400,11127,3039,2826
2025-01-03T00:13:07.965817,69,26,176722,90459,5489,3276,4948,14215,1969,4650
2025-01-03T00:13:08.966147,63,21,702030,99842,7676,3549,11374,16357,5285,4832
2025-01-03T00:13:09.967062,50,14,302674,67007,6781,10323,6511,7840,5489,2214
2025-01-03T00:13:10.967752,38,21,301065,127729,31942,8274,15472,17281,6003,3409
2025-01-03T00:13:11.968440,40,37,778100,167900,64454,25680,24907,40727,12201,5706
2025-01-03T00:13:12.968785,38,57,745048,30597,26417,8547,11751,10035,6639,3148
2025-01-03T00:13:13.969252,47,53,37663,44040,4029,3897,7003,13291,7575,1192
2025-01-03T00:13:14.969596,54,51,39324,40506,7480,6679,9945,12331,4392,2252
2025-01-03T00:13:15.970308,64,53,38843,13251,11113,5536,9018,13680,3667,3878
2025-01-03T00:13:16.970477,74,51,1245943,44608,35058,19268,29449,31277,13919,5756
2025-01-03T00:13:17.970861,84,60,438447,16289,7304,17025,7884,41652,18537,13673
2025-01-03T00:13:18.971280,78,48,463240,343806,9239,13984,33507,34115,32222,13479
2025-01-03T00:13:19.971907,75,48,424440,41075,10278,35906,16427,29614,12038,2929
2025-01-03T00:13:20.972496,74,44,152396,27475,8680,7236,4042,11357,7408,5190
2025-01-03T00:13:21.972852,63,56,21100,3498,9154,7863,5883,7854,10316,2593
2025-01-03T00:13:22.973329,80,74,68658,10699,6516,5513,8486,13936,4603,1775
2025-01-03T00:13:23.973718,77,70,1054073,191346,70970,53990,11176,78968,11386,5034
2025-01-03T00:13:24.974357,83,66,533539,55026,3765,27203,50740,48276,23721,6048
2025-01-03T00:13:25.975252,78,48,121574,39355,2031,8039,7071,11289,3284,1205
2025-01-03T00:13:26.975932,69,47,1642308,87689,20413,23191,13207,33909,19036,4722
2025-01-03T00:13:27.976415,66,43,2696481,269647,65162,59198,67026,73022,34008,29353
2025-01-03T00:13:28.976800,53,54,1329255,246457,125248,103366,73896,57802,66911,40526
2025-01-03T00:13:29.976996,61,60,729394,214309,51682,76003,76740,175122,80175,30270
2025-01-03T00:13:30.977552,48,56,877393,550523,110075,12393,16514,37788,47642,22919
2025-01-03T00:13:31.977670,48,53,830987,39977,5509,8404,5047,10200,21754,4972
2025-01-03T00:13:32.978211,44,40,166191,30004,2831,3148,2769,3408,1582,2384
2025-01-03T00:13:33.978228,41,37,536819,89632,19524,7646,5622,37565,7698,6057
2025-01-03T00:13:34.979026,47,50,351487,25265,18281,9552,3351,5194,5327,1247
2025-01-03T00:13:35.979742,56,51,178320,16275,9145,2380,7525,14618,5799,2505
2025-01-03T00:13:36.980501,64,54,83959,26388,4447,6618,7709,9109,6575,828
2025-01-03T00:13:37.980707,44,54,554424,158361,25385,5113,3912,6929,9514,2950
2025-01-03T00:13:38.980912,50,34,556264,60755,3296,3878,9067,14270,6597,3595
2025-01-03T00:13:39.981589,29,27,327834,310882,26293,39341,22231,24186,33753,13969
2025-01-03T00:13:40.982106,24,14,123280,44088,1299,1993,6186,6010,5547,3876
2025-01-03T00:13:41.982280,40,10,85903,49167,6520,856,2265,10294,1789,371
2025-01-03T00:13:42.983069,38,20,204269,56347,11876,5676,3585,12213,14616,1796
2025-01-03T00:13:43.983970,47,20,806254,172779,29005,13898,17124,32746,19951,10807
2025-01-03T00:13:44.984778,50,47,149697,13340,14174,3609,3453,5583,2473,898
2025-01-03T00:13:45.985303,51,66,1701621,111231,159355,23424,44821,80369,20143,17511
2025-01-03T00:13:46.986010,56,66,444166,151020,45483,14074,26391,47554,15269,11806
2025-01-03T00:13:47.986139,54,78,218178,6273,5995,641,3176,1831,2087,1038
2025-01-03T00:13:48.986826,50,69,81937,17836,7165,242,845,2401,1723,839
2025-01-03T00:13:49.987225,53,63,1235782,167337,69211,40224,26658,96769,50449,23017
2025-01-03T00:13:50.987671,44,63,94077,19567,2685,3912,1261,2320,3631,279
2025-01-03T00:13:51.987683,66,50,838385,13220,7836,5593,17928,51113,30359,6933
2025-01-03T00:13:52.988176,64,41,238180,100284,13223,5494,7961,11170,10900,3021
2025-01-03T00:13:53.988749,64,43,1111808,90257,42752,23611,12271,60864,36851,15553
2025-01-03T00:13:54.989685,66,24,119833,81072,2316,1682,4624,11065,4233,1640
2025-01-03T00:13:55.989997,50,26,675756,140647,27435,14951,34165,49938,33410,7864
2025-01-03T00:13:56.990182,66,24,105176,27284,2928,4638,5424,19977,3738,1979
2025-01-03T00:13:57.990447,66,23,1251086,75942,25110,29185,19244,51650,18269,10629
2025-01-03T00:13:58.990714,80,40,59735,17716,6303,4557,7515,16412,5093,3280
2025-01-03T00:13:59.991463,91,44,38375,19508,18586,5708,22757,43850,28530,11607
2025-01-03T00:14:00.992372,87,56,511799,86265,78346,7820,27962,50111,30186,17470
2025-01-03T00:14:01.992758,81,51,884155,186107,22997,35600,8593,55357,27591,14267
2025-01-03T00:14:02.993549,63,38,178935,115014,4089,5737,8472,10046,3523,1298
2025-01-03T00:14:03.994106,41,43,259040,59465,20576,13835,11507,8330,3361,2192
2025-01-03T00:14:04.994878,30,38,211958,57585,11161,9510,4254,7422,5218,1611
2025-01-03T00:14:05.995416,40,50,370283,18306,18004,11162,3036,23508,3403,2901
2025-01-03T00:14:06.995667,38,56,63244,59992,5482,3504,3778,5088,3835,1428
2025-01-03T00:14:07.996201,47,48,134602,29924,5241,3566,2125,9319,5069,1036
2025-01-03T00:14:08.996501,38,20,281924,47254,4117,11509,3076,12284,7286,3515
2025-01-03T00:14:09.997194,56,29,454441,55013,23806,25830,37138,51591,11368,9867
2025-01-03T00:14:10.997591,56,29,454441,55013,23806,25830,37138,51591,11368,9867
2025-01-03T00:14:11.997986,69,43,1602737,200754,7492,41236,7000,17045,41687,10172
2025-01-03T00:14:12.998485,69,44,1623740,270245,25924,95889,42457,84229,76110,49802
2025-01-03T00:14:13.998709,63,43,808130,35919,4977,11063,6581,11766,4370,4452
2025-01-03T00:14:14.998872,43,40,1574098,496539,21394,54791,21137,92969,55156,3883
2025-01-03T00:14:15.999251,56,48,110294,8532,3368,3414,986,4993,3113,609
2025-01-03T00:14:16.999753,53,60,2661032,173915,81243,180968,27398,64002,14966,18010
2025-01-03T00:14:18.000143,38,43,26139,38110,562,1869,1812,1762,1388,1191
2025-01-03T00:14:19.001068,40,61,389192,72345,84843,25521,33602,30840,18716,21195
2025-01-03T00:14:20.001140,48,54,29830,26717,13075,7796,19044,39150,40640,10860
2025-01-03T00:14:21.001587,51,29,558419,200309,9406,11976,42102,42514,22834,18803
2025-01-03T00:14:22.001788,67,43,244105,78096,14982,9879,2997,31461,13931,9421
2025-01-03T00:14:23.002134,69,26,1733137,65959,16014,5889,38894,20057,10950,3256
2025-01-03T00:14:24.002279,54,29,79121,44115,12544,4948,6728,8784,3370,671
2025-01-03T00:14:25.002607,50,51,424059,45691,28637,16192,7121,11691,7948,2282
2025-01-03T00:14:26.003158,35,48,493521,836685,84998,68593,59889,55345,71162,24826
2025-01-03T00:14:27.003614,38,43,246202,55653,6537,1657,5721,24304,4947,1540
2025-01-03T00:14:28.003682,29,44,1912571,339777,49263,101078,60461,27985,21806,15522
2025-01-03T00:14:29.003961,30,48,996118,102033,93866,70925,52164,39494,46079,12333
2025-01-03T00:14:30.004816,34,57,56209,6037,2077,899,643,629,348,150
2025-01-03T00:14:31.005472,24,78,1542618,44883,45786,8318,3366,13624,8160,13150
2025-01-03T00:14:32.006072,24,75,38914,78499,11913,10710,8694,5330,9047,2729
2025-01-03T00:14:33.006612,17,66,756123,101328,27763,22067,5310,10629,10636,2884
2025-01-03T00:14:34.006904,24,53,306916,55837,4507,3374,13583,9341,8401,1685
2025-01-03T00:14:35.007677,29,50,577213,28085,29490,5712,16158,15109,8661,2586
2025-01-03T00:14:36.008232,38,56,1152504,113715,18102,76779,52418,28401,13988,13165
2025-01-03T00:14:37.009152,38,47,904049,577927,42143,53485,13066,44559,17249,8570
2025-01-03T00:14:38.009436,43,57,192201,9496,2357,3525,1811,4400,1034,877
2025-01-03T00:14:39.009745,26,43,284849,106906,11208,3953,5332,4403,3011,3586
2025-01-03T00:14:40.010411,23,21,153752,20416,798,469,1466,2006,1774,832
2025-01-03T00:14:41.010581,34,43,1224614,15618,48246,7323,14166,13653,6215,4273
2025-01-03T00:14:42.010986,27,26,293629,60884,2134,3586,4643,10824,8524,3422
2025-01-03T00:14:43.011306,50,35,468766,34719,19584,19161,79880,31495,28764,4706
2025-01-03T00:14:44.012175,51,56,258898,119694,72722,20826,44865,25835,48003,15039
2025-01-03T00:14:45.012192,48,37,445937,364160,55253,12554,14694,60347,11719,4964
2025-01-03T00:14:46.012542,48,48,194960,41667,14776,1441,11806,8805,15971,2635
2025-01-03T00:14:47.012621,41,54,71052,8330,3396,3083,1477,3079,1680,574
2025-01-03T00:14:48.013196,41,50,163481,48020,12005,7681,2760,7647,5194,2067
2025-01-03T00:14:49.013999,43,54,294969,411769,115640,23028,41192,95365,30953,19350
2025-01-03T00:14:50.014523,40,54,125446,18314,4366,2082,1547,2640,806,1318
2025-01-03T00:14:51.015311,43,43,23919,19855,2480,2641,8157,8058,3568,3501
2025-01-03T00:14:52.015488,38,37,1154376,460575,50918,31024,29910,29520,36823,23460
2025-01-03T00:14:53.015523,47,35,701661,25190,7415,4644,10038,16367,3474,3624
2025-01-03T00:14:54.015930,44,29,254272,119177,9514,13087,6783,11677,3938,1972
2025-01-03T00:14:55.016003,35,34,33549,15206,1197,2701,1793,2230,1139,866
2025-01-03T00:14:56.016226,51,43,368627,31639,11808,8691,5133,14722,8235,4413
2025-01-03T00:14:57.016784,35,37,75422,33365,1189,2892,2983,3306,1777,512
2025-01-03T00:14:58.017480,44,47,192505,15414,6027,7998,8955,7269,4827,3123
2025-01-03T00:14:59.018029,51,56,22476,5071,2335,2933,1500,2260,2026,1070
2025-01-03T00:15:00.018385,43,51,291677,61276,10508,9281,9844,9832,4966,1052
2025-01-03T00:15:01.019128,56,61,503903,70314,11197,27009,9387,37883,19022,18777
2025-01-03T00:15:02.019798,47,50,433020,190713,17781,9229,6458,18324,8281,3438
2025-01-03T00:15:03.019931,44,44,823480,47689,13487,14427,18020,13769,4806,4813
2025-01-03T00:15:04.020785,47,40,472662,205643,21719,24955,43185,40361,47643,9095
2025-01-03T00:15:05.021590,41,37,1962387,77835,20853,9744,19591,22726,35492,5675
2025-01-03T00:15:06.022355,47,47,157402,38197,12920,16610,51746,9475,7632,7026
2025-01-03T00:15:07.022741,53,47,1345642,39286,15756,15199,13995,28584,14308,12021
2025-01-03T00:15:08.023270,57,57,686428,56015,37363,25308,30506,29473,13956,16545
2025-01-03T00:15:09.023676,60,75,592223,47420,94423,12161,8979,40392,14758,10911
2025-01-03T00:15:10.024193,69,69,146852,22471,4064,3135,3634,11351,4875,2903
2025-01-03T00:15:11.024917,60,60,60714,31076,4690,1175,7571,5967,3346,1636
2025-01-03T00:15:12.025221,64,56,115627,7607,3809,3586,6754,5741,2429,4363
2025-01-03T00:15:13.026006,56,44,249326,19848,8067,3666,7592,3422,5089,1405
2025-01-03T00:15:14.026847,38,48,231559,257689,55235,21120,13126,17922,20468,22913
2025-01-03T00:15:15.027349,40,67,264026,14611,15768,12742,3768,7473,4394,1589
2025-01-03T00:15:16.027444,26,75,143296,46996,25063,16618,4723,7745,9301,1554
2025-01-03T00:15:17.027736,23,66,629707,119635,11160,12785,6895,9352,3409,1979
2025-01-03T00:15:18.028116,35,70,360364,52961,35332,18061,42049,23325,20836,23715
2025-01-03T00:15:19.028764,37,57,415757,39270,5865,11100,10082,10918,3439,2985
2025-01-03T00:15:20.029302,48,38,602343,214186,16182,12256,14001,82987,20758,6295
2025-01-03T00:15:21.029515,44,35,35855,28260,2729,1155,1990,1497,3917,751
2025-01-03T00:15:22.030303,53,30,668979,82054,45053,10138,31234,76233,20961,9596
2025-01-03T00:15:23.030458,63,35,554525,31249,20292,36897,46603,48760,44535,20297
2025-01-03T00:15:24.031396,56,44,1266507,121201,11408,21877,16384,24734,14764,9603
2025-01-03T00:15:25.032152,74,54,81125,4010,2244,348,1809,1706,945,385
2025-01-03T00:15:26.033023,66,51,45964,9003,1378,1412,828,3509,463,356
2025-01-03T00:15:27.033910,70,51,222483,5269,6337,5805,4175,14328,5612,1652
2025-01-03T00:15:28.034181,69,51,244436,40786,9392,3277,7269,7187,5413,930
2025-01-03T00:15:29.035004,54,54,1561124,239267,106577,25780,19256,23621,34073,9064
2025-01-03T00:15:30.035314,48,61,147644,33961,7498,6873,2636,5838,7343,2292
2025-01-03T00:15:31.035876,40,51,113682,17479,1280,5286,5072,8177,9776,1075
2025-01-03T00:15:32.036684,51,61,1247775,67032,72245,21452,22238,64292,16936,19913
2025-01-03T00:15:33.036712,44,61,39354,37074,16065,6699,3911,1934,5887,4049
2025-01-03T00:15:34.036803,60,51,5735,51948,4653,14795,60475,36817,14018,8774
2025-01-03T00:15:35.037120,57,61,74720,16099,13236,5728,5507,12125,7494,1959
2025-01-03T00:15:36.037875,47,41,226205,12701,886,511,925,1711,698,732
2025-01-03T00:15:37.037993,63,30,54277,22550,2786,3709,2810,6821,5898,818
2025-01-03T00:15:38.038274,53,30,488526,234707,11426,20920,3020,50712,9130,8712
2025-01-03T00:15:39.038729,47,34,694902,96898,64200,38886,20950,31740,18447,7258
2025-01-03T00:15:40.039334,53,35,80525,28073,2507,2395,9457,8795,11606,2926
2025-01-03T00:15:41.040033,50,41,891751,151093,57372,21619,45139,36724,35202,6762
2025-01-03T00:15:42.040570,54,43,181842,41924,4516,4803,8448,14751,7124,2673
2025-01-03T00:15:43.040929,56,41,374698,15943,11650,6532,10288,6132,4057,1815
2025-01-03T00:15:44.041034,63,53,511276,53938,18402,12775,8957,41819,35016,19296
2025-01-03T00:15:45.041801,57,48,807460,382181,50231,38015,23915,47972,21567,14586
2025-01-03T00:15:46.042473,63,51,497833,60129,6175,19906,16538,45573,12156,12514
2025-01-03T00:15:47.042705,75,37,268784,243045,44545,18711,23712,190359,41893,8051
2025-01-03T00:15:48.043602,81,30,88321,13275,3690,3577,3225,23900,4959,2374
2025-01-03T00:15:49.043648,91,34,108004,77170,12526,16986,23895,30339,15199,5673
2025-01-03T00:15:50.044297,88,38,650833,75378,48815,8665,21026,57586,11829,4306
2025-01-03T00:15:51.044559,84,41,665867,66606,13099,5508,7459,33787,29292,18337
2025-01-03T00:15:52.045440,75,44,33870,44763,11699,15584,33577,24597,23249,11071
2025-01-03T00:15:53.045478,67,50,869962,228412,83628,16173,17828,41617,33112,11089
2025-01-03T00:15:54.046078,60,60,1714668,105033,122816,24435,11210,43463,8297,9328
2025-01-03T00:15:55.046816,50,53,671193,215924,19284,6701,31096,34055,21841,8517
2025-01-03T00:15:56.046908,34,54,601024,60791,17620,8525,7572,5379,4080,3683
2025-01-03T00:15:57.047698,20,47,425063,294156,33025,11871,18090,9841,9522,1265
2025-01-03T00:15:58.048555,29,26,1225543,14128,482,4407,7888,8940,6487,3624
2025-01-03T00:15:59.049250,27,44,470306,122460,73626,23479,22155,28066,13191,11808
2025-01-03T00:16:00.049619,40,38,124650,39248,7484,2501,6976,13246,7384,2551
2025-01-03T00:16:01.050019,57,41,74465,132986,28797,7977,16434,32214,17347,6999
2025-01-03T00:16:02.050953,44,44,48878,6097,1239,320,463,838,890,613
2025-01-03T00:16:03.051828,53,34,631197,234900,32700,27282,29289,101156,34197,12708
2025-01-03T00:16:04.052065,60,40,77340,49461,30114,26509,59691,61003,31058,8436
2025-01-03T00:16:05.052356,54,38,199019,26859,3001,2729,2002,3138,1343,955
2025-01-03T00:16:06.052933,53,43,671496,60226,16169,9898,11312,7944,5477,4595
2025-01-03T00:16:07.053357,43,53,95016,21655,9244,4867,1726,3570,2976,1029
2025-01-03T00:16:08.053842,29,51,70204,11663,2475,1684,2214,2099,1340,639
2025-01-03T00:16:09.054252,38,54,102957,10330,1124,2547,2465,3169,1393,906
2025-01-03T00:16:10.054761,43,50,57545,13932,2891,646,494,2966,1165,549
2025-01-03T00:16:11.055335,43,37,1026080,110957,14303,7445,6692,16192,9171,5652
2025-01-03T00:16:12.056024,41,43,144909,25258,9919,7875,3026,5080,8674,1300
2025-01-03T00:16:13.056963,34,40,371304,85905,9392,5317,2597,9087,7644,2494
2025-01-03T00:16:14.057066,50,47,86452,9168,4502,5070,2005,16759,4412,2302
2025-01-03T00:16:15.057512,47,50,413540,134692,14992,18677,6796,14621,8771,2925
2025-01-03T00:16:16.058453,43,50,178861,77191,30565,16941,7646,9977,8817,5142
2025-01-03T00:16:17.059063,43,66,159344,12531,10339,4650,1840,2563,1632,493
2025-01-03T00:16:18.059352,27,67,560102,21308,6991,7709,5819,6079,7418,1696
2025-01-03T00:16:19.059802,26,69,831286,689355,160985,65357,37707,80284,8142,10974
2025-01-03T00:16:20.060565,30,66,1311006,61176,5819,17426,2039,9750,5849,4446
2025-01-03T00:16:21.061506,30,60,255319,30960,17249,2361,7824,5211,3521,1654
2025-01-03T00:16:22.061801,38,57,616808,127397,33125,46439,55694,61249,7895,16294
2025-01-03T00:16:23.062716,40,54,86415,33491,4494,6293,10189,3894,6037,1040
2025-01-03T00:16:24.062936,50,64,1100001,14105,14938,12738,4722,14047,2489,1772
2025-01-03T00:16:25.063546,50,57,631185,39536,10183,6098,17505,6298,3866,2091
2025-01-03T00:16:26.064077,51,56,77160,12215,3221,3649,6550,7141,8852,1592
2025-01-03T00:16:27.064942,66,60,144537,6522,1538,3579,3747,5184,3749,2028
2025-01-03T00:16:28.065741,61,53,182075,30695,7257,11497,6859,8225,3401,3078
2025-01-03T00:16:29.066614,50,67,328993,39611,21726,23959,3648,3146,5308,1187
2025-01-03T00:16:30.066759,40,75,116271,23203,10982,7181,3332,5286,866,277
2025-01-03T00:16:31.067683,30,70,1880440,60265,14891,4495,9717,14221,7836,2300
2025-01-03T00:16:32.068453,43,64,37075,4443,2742,2116,8186,6519,4979,2931
2025-01-03T00:16:33.068826,47,63,100960,28698,20091,13005,2560,3604,9112,1094
2025-01-03T00:16:34.069297,50,53,1091171,317424,15286,77644,16827,69631,17389,3965
2025-01-03T00:16:35.069920,50,54,916995,33917,6563,6035,6725,7464,5867,4985
2025-01-03T00:16:36.070293,30,69,702132,39364,17661,65973,36717,12046,16171,12400
2025-01-03T00:16:37.071209,40,47,1093904,247097,13701,17045,26185,42272,30828,19404
2025-01-03T00:16:38.072084,29,44,650238,353178,40213,47978,26282,27467,23639,7556
2025-01-03T00:16:39.072394,37,53,342467,13886,2706,14367,4285,12118,1344,2944
2025-01-03T00:16:40.072679,41,40,726336,45543,7828,8874,8769,9719,8593,2500
2025-01-03T00:16:41.072778,38,40,313652,66154,5799,2591,8289,7406,6948,1921
2025-01-03T00:16:42.073154,60,41,149414,10721,3293,3880,7212,12504,3494,3196
2025-01-03T00:16:43.073188,57,37,323307,36515,13314,16332,19069,20289,2765,2290
2025-01-03T00:16:44.073565,57,37,869438,11585,3678,1215,1117,3035,1348,501
2025-01-03T00:16:45.074115,60,35,103694,9503,973,2305,2089,2149,582,643
2025-01-03T00:16:46.074690,57,41,447437,172701,18998,13916,17741,17532,14688,13316
2025-01-03T00:16:47.075157,48,50,1466142,90001,42726,44469,15276,34240,41544,16830
2025-01-03T00:16:48.075331,34,50,544955,122053,34763,23425,20483,11021,9223,3103
2025-01-03T00:16:49.075582,14,47,1476838,180237,19095,16221,9131,6101,6232,1701
2025-01-03T00:16:50.075856,13,47,217608,25244,2325,2331,1645,2059,1662,754
2025-01-03T00:16:51.076551,7,29,85185,24218,2417,1069,1833,2737,1584,596
2025-01-03T00:16:52.076812,7,10,2687069,558704,6510,28271,22762,32480,23957,7532
2025-01-03T00:16:53.077605,35,17,26246,9541,2319,6790,2227,11534,4360,509
2025-01-03T00:16:54.077776,40,34,481772,71995,49862,17825,5765,17068,6111,1838
2025-01-03T00:16:55.077837,44,44,3571215,162847,56795,10544,18060,41536,36746,7660
2025-01-03T00:16:56.078772,61,60,60196,126289,26177,30942,44045,59266,26084,16182
2025-01-03T00:16:57.079193,50,60,243466,64375,21107,10984,3942,14084,2954,2026
2025-01-03T00:16:58.079247,48,47,657411,283191,5076,62934,32787,38362,6843,8759
2025-01-03T00:16:59.079785,44,37,880718,110989,9915,7158,9134,14776,4895,2279
2025-01-03T00:17:00.079806,41,29,1009196,61090,5563,5981,14176,17771,4418,3666
2025-01-03T00:17:01.080639,35,24,265917,71982,14440,5325,8132,6123,6923,2594
2025-01-03T00:17:02.080946,26,27,573622,87878,10883,19253,10261,5477,8439,2122
2025-01-03T00:17:03.081526,20,35,175676,258352,34468,37231,37029,18402,15037,4797
2025-01-03T00:17:04.081686,7,37,1178026,84817,18025,2374,31614,6555,5461,2998
2025-01-03T00:17:05.081723,10,44,1783903,56060,6302,28844,8350,8566,10633,1934
2025-01-03T00:17:06.082510,16,48,1335659,67563,25522,10844,11420,9192,6360,3821
2025-01-03T00:17:07.083466,17,56,108634,6399,3384,1617,1019,765,230,295
2025-01-03T00:17:08.084284,21,61,329042,32385,3211,7437,7997,3415,1557,2577
2025-01-03T00:17:09.085081,13,48,574120,481848,39394,36631,65116,26093,20868,2741
2025-01-03T00:17:10.086022,27,53,390884,8877,9063,3576,2278,8630,988,1318
2025-01-03T00:17:11.086709,29,43,27842,16548,4325,736,4555,1799,822,279
2025-01-03T00:17:12.087308,29,37,34874,29475,3752,953,1715,3024,525,89
2025-01-03T00:17:13.088056,40,41,1299825,54646,2192,12431,9545,9221,3877,3540
2025-01-03T00:17:14.088658,13,24,130192,198658,20649,6106,17930,4846,7411,1227
2025-01-03T00:17:15.089186,3,17,686047,146681,5730,11669,5476,5172,2465,3875
2025-01-03T00:17:16.089295,7,27,510989,32508,6529,8634,5492,5143,2035,922
2025-01-03T00:17:17.090115,1,27,44314,24073,2360,2904,338,1449,1623,897
2025-01-03T00:17:18.090129,3,26,268828,34569,3400,445,1590,1591,395,189
2025-01-03T00:17:19.090886,7,41,953189,56249,22103,16500,5473,4208,1495,1544
2025-01-03T00:17:20.091253,1,60,1113419,71409,146699,37322,11156,13019,12126,4363
2025-01-03T00:17:21.092191,1,74,538528,11434,8297,5178,4996,1387,2084,872
2025-01-03T00:17:22.092366,1,74,1006291,17846,14164,6358,3987,3673,1351,622
2025-01-03T00:17:23.092462,17,84,181935,9873,2473,2966,2309,4585,3103,2310
2025-01-03T00:17:24.093295,21,69,650004,43238,4208,2665,3044,3899,4571,1806
2025-01-03T00:17:25.094148,34,54,921918,12302,5885,4345,6713,3645,1924,362
2025-01-03T00:17:26.094773,44,47,1198401,18529,5657,7024,9092,6613,1346,778
2025-01-03T00:17:27.095443,44,47,167516,62872,12123,5046,3008,3243,3326,528
2025-01-03T00:17:28.096381,26,41,1007475,341784,39039,36781,36200,14347,6859,2782
2025-01-03T00:17:29.096815,24,60,657012,22719,10753,10257,1604,2836,2950,1164
2025-01-03T00:17:30.097667,21,56,1657673,24340,5767,4989,3976,3879,1765,973
2025-01-03T00:17:31.097987,10,60,236895,33750,13780,4839,5397,2537,1567,1093
2025-01-03T00:17:32.098188,20,57,280822,41544,5273,4564,8181,5831,1985,1654
2025-01-03T00:17:33.099034,23,38,144608,22621,1021,2165,2777,2448,2359,809
2025-01-03T00:17:34.099191,23,43,43663,9703,3193,3469,1530,2244,2656,865
2025-01-03T00:17:35.099783,37,47,92881,20052,16366,2829,3302,7598,2047,199
2025-01-03T00:17:36.100355,27,38,111027,114288,2315,9001,8131,5640,4306,2650
2025-01-03T00:17:37.100643,14,44,1633164,415273,52055,41660,35821,12987,8405,3930
2025-01-03T00:17:38.101557,20,35,238780,144224,35198,11454,57982,38850,25209,7108
2025-01-03T00:17:39.101878,24,20,700651,55047,6366,7662,15384,24472,18439,9359
2025-01-03T00:17:40.102811,38,38,718278,4495,1708,5055,6333,2541,4828,2775
2025-01-03T00:17:41.103111,38,38,1575699,108477,84449,9215,13937,29553,46142,125218
2025-01-03T00:17:42.103489,38,38,364527,322857,46028,26035,22066,38829,76289,31980
2025-01-03T00:17:43.104029,47,43,973339,916995,184173,135379,41593,68134,99740,24747
2025-01-03T00:17:44.104974,47,56,706299,30676,18393,14951,8916,12393,15119,3134
2025-01-03T00:17:45.105735,26,66,2160299,157435,63887,13066,18511,9777,13474,9142
2025-01-03T00:17:46.106677,35,54,574104,25612,1926,5346,4013,17769,3562,1958
2025-01-03T00:17:47.107398,29,56,1894179,745096,119096,188464,43299,35472,43734,12510
2025-01-03T00:17:48.107866,13,27,884124,1195411,37068,12179,48889,42371,49327,15035
2025-01-03T00:17:49.108337,26,27,107268,69082,21614,18317,7417,18241,7233,7156
2025-01-03T00:17:50.108624,14,37,995365,238673,41202,65494,22872,47856,19813,8524
2025-01-03T00:17:51.109151,26,26,575982,45263,6268,5159,19817,6212,2196,1578
2025-01-03T00:17:52.109567,35,37,521113,339155,26172,15643,33515,30108,15997,3347
2025-01-03T00:17:53.109889,24,40,2198071,202721,113691,48899,39622,22769,11174,14564
2025-01-03T00:17:54.110432,29,24,535225,34248,2571,2228,7641,8385,8277,3499
2025-01-03T00:17:55.111021,37,41,1710663,99528,65098,42561,10196,47383,17902,10831
2025-01-03T00:17:56.111130,47,61,199852,36413,40774,31960,38322,26601,19717,15861
2025-01-03T00:17:57.111412,50,51,1432493,284187,49299,16054,12674,32471,15477,9000
2025-01-03T00:17:58.112030,56,64,29763,36519,24712,6887,20200,30451,23766,11767
2025-01-03T00:17:59.112487,61,50,100136,19728,3215,2974,14028,10843,8563,1933
2025-01-03T00:18:00.112534,47,21,58594,29741,838,986,3203,1408,765,340
2025-01-03T00:18:01.112960,44,26,27696,11503,2195,1945,1922,1398,1246,670
2025-01-03T00:18:02.113446,37,21,3517952,120379,21792,19414,27013,25357,19305,10553
2025-01-03T00:18:03.114044,29,40,111830,14929,21529,19660,23824,11891,4426,3448
2025-01-03T00:18:04.114542,41,56,726057,190439,58689,7137,40744,44451,13511,6901
2025-01-03T00:18:05.115270,50,53,155517,62049,20996,7641,47367,20090,22971,15469
2025-01-03T00:18:06.115329,61,53,29247,46173,20271,14537,37979,43474,18688,7316
2025-01-03T00:18:07.115594,56,35,48036,66774,7616,4443,7486,9369,3182,2506
2025-01-03T00:18:08.116193,51,38,84529,76841,5924,25521,10793,10300,4581,2427
2025-01-03T00:18:09.116922,47,48,1299990,24622,18757,4331,9463,5255,3810,2194
2025-01-03T00:18:10.117818,17,44,130688,43523,4576,4187,3978,1381,1271,928
2025-01-03T00:18:11.118257,16,57,1156983,47175,8925,23760,7444,8812,7582,2849
2025-01-03T00:18:12.118997,21,60,1314071,65834,18098,13874,9264,15092,8460,5524
2025-01-03T00:18:13.119525,11,48,152767,35540,3165,4337,2776,1779,1470,1297
2025-01-03T00:18:14.119691,24,44,1575503,125721,7572,17616,21655,16244,5857,8641
2025-01-03T00:18:15.120613,40,41,1161870,11342,5892,5627,3355,12574,4587,841
2025-01-03T00:18:16.121394,37,35,642883,88459,12012,6981,7587,12414,9088,3245
2025-01-03T00:18:17.121741,44,29,2089368,690940,84174,9899,35112,74541,15641,14609
2025-01-03T00:18:18.121812,56,40,1950559,120393,74095,26220,37621,73205,30638,13651
2025-01-03T00:18:19.122102,48,34,608625,53167,12598,4276,16395,15489,7019,1371
2025-01-03T00:18:20.122302,57,37,279485,71163,7404,23723,26500,36544,28324,7870
2025-01-03T00:18:21.122521,51,34,1544630,62655,2272,4864,4353,3267,1814,1028
2025-01-03T00:18:22.123092,48,41,61301,3530,4504,3011,2625,2753,1966,287
2025-01-03T00:18:23.123112,47,47,456931,84118,12416,37165,20466,26558,3289,2043
2025-01-03T00:18:24.123827,34,41,685619,843340,83059,78024,95793,94239,90212,33167
2025-01-03T00:18:25.124286,38,66,1443490,28881,28616,18570,13971,5929,2841,3662
2025-01-03T00:18:26.124435,16,35,1128420,135610,906,3976,4530,3512,4470,1954
2025-01-03T00:18:27.124758,10,30,623013,57849,5659,11629,3269,7900,6997,858
2025-01-03T00:18:28.125033,13,41,41799,22988,8508,1079,1927,3680,1314,617
2025-01-03T00:18:29.125374,11,23,1904263,441473,62817,23612,36792,34390,25554,8281
2025-01-03T00:18:30.126226,8,44,1379603,199529,16074,16544,9743,9960,5322,5095
2025-01-03T00:18:31.126916,4,50,106200,16324,7553,1876,767,1904,2331,327
2025-01-03T00:18:32.127014,14,54,430618,217915,66710,23627,32988,56974,23223,7691
2025-01-03T00:18:33.127698,16,41,1191439,82132,9771,2326,15957,5597,4476,2366
2025-01-03T00:18:34.128148,11,34,1059963,232234,7193,12024,6333,6315,4776,5537
2025-01-03T00:18:35.129048,24,29,923142,107152,47727,19190,48838,53550,45261,9639
2025-01-03T00:18:36.129494,21,30,176612,40944,11201,6262,6594,6984,7045,3565
2025-01-03T00:18:37.130121,34,43,42010,7893,2214,1669,1514,2355,675,873
2025-01-03T00:18:38.130603,50,53,783559,57511,5861,12992,14730,11245,2087,2261
2025-01-03T00:18:39.130920,43,53,657379,155634,40381,38103,37359,32780,28624,8165
2025-01-03T00:18:40.131167,51,60,501664,48996,39098,15153,20761,27015,10433,7046
2025-01-03T00:18:41.131755,60,51,353926,24700,5699,4902,16995,20989,21768,7133
2025-01-03T00:18:42.132667,56,53,1571163,349755,106533,11557,65166,49632,12520,8668
2025-01-03T00:18:43.132841,51,67,28888,45938,48004,87711,23847,14460,16240,7922
2025-01-03T00:18:44.133470,56,63,696237,28235,12262,10841,6637,23367,10624,4682
2025-01-03T00:18:45.133521,35,78,1774543,196189,121894,31818,29697,16822,9906,12440
2025-01-03T00:18:46.133879,41,84,565160,17304,9855,9214,11614,7958,1985,2575
2025-01-03T00:18:47.133912,47,64,833673,44767,9411,5291,7421,7985,4099,2435
2025-01-03T00:18:48.134789,38,75,642214,44229,31499,49487,15817,24945,12905,5872
2025-01-03T00:18:49.135011,47,75,77262,53807,53488,17879,28978,16583,4848,3457
2025-01-03T00:18:50.135785,44,83,25790,23637,12735,35911,5985,13179,4325,4493
2025-01-03T00:18:51.136671,43,93,7575,21989,10811,15668,7925,6118,5416,846
2025-01-03T00:18:52.137468,38,80,1478266,174457,24273,22189,7953,24246,26315,9314
2025-01-03T00:18:53.137968,29,66,1608102,358037,38017,44866,24601,25247,11561,4936
2025-01-03T00:18:54.138803,50,48,49001,15661,1064,11882,16949,45299,6822,9623
2025-01-03T00:18:55.139408,56,40,13056,38632,20971,5087,20268,14563,11405,2231
2025-01-03T00:18:56.140196,56,35,22267,69058,2884,9404,14076,8279,11137,7641
2025-01-03T00:18:57.141056,83,35,30691,10647,501,7793,16898,20786,3463,5467
2025-01-03T00:18:58.141249,61,56,8360,25054,48797,16941,14229,13412,4580,1678
2025-01-03T00:18:59.141332,60,61,3399,22620,7027,12121,2598,7578,3507,3802
2025-01-03T00:19:00.142117,63,75,10942,18084,13383,6075,8889,6120,3604,1707
2025-01-03T00:19:01.142894,43,80,1813971,90446,18830,21857,14410,19126,15395,11101
2025-01-03T00:19:02.143455,51,69,173570,15520,16472,5346,8379,13838,3590,5227
2025-01-03T00:19:03.143522,51,67,44199,6688,2284,1923,2256,2006,965,220
2025-01-03T00:19:04.143999,56,64,2611587,24451,6029,9476,4290,9560,2539,1957
2025-01-03T00:19:05.144508,63,60,724499,18780,4399,2208,8922,6880,5039,2300
2025-01-03T00:19:06.144853,53,66,423809,111337,43032,152367,25403,44742,7440,5153
2025-01-03T00:19:07.144976,44,78,86795,85553,50853,112966,18217,18141,3292,3315
2025-01-03T00:19:08.145385,48,74,307154,59538,10848,12282,8841,28679,7381,7223
2025-01-03T00:19:09.145780,40,81,26189,49028,43413,9063,55029,13154,11399,3947
2025-01-03T00:19:10.146624,53,69,44291,32472,13710,12080,19800,32104,6862,6025
2025-01-03T00:19:11.146973,56,35,1621762,576452,14162,22324,115554,55569,41665,15380
2025-01-03T00:19:12.147642,44,40,774268,98685,17786,27500,5702,16133,11810,1614
2025-01-03T00:19:13.148144,60,37,640273,663876,202716,565078,903483,817154,534417,334366
2025-01-03T00:19:14.148921,48,44,71184,22235,19814,7147,5436,9086,3143,5795
2025-01-03T00:19:15.148957,47,64,135070,29236,9160,2542,2538,2930,3414,1101
2025-01-03T00:19:16.149547,51,63,153103,38902,5390,13368,7217,11366,5706,1125
2025-01-03T00:19:17.150396,27,69,1858447,50218,36039,7915,7828,3900,7752,1794
2025-01-03T00:19:18.150898,26,64,34378,30802,9910,7372,4231,7424,3320,1687
2025-01-03T00:19:19.151394,34,69,434487,77732,12688,61731,40093,19976,32854,15645
2025-01-03T00:19:20.151515,29,69,709144,211383,40152,35302,7525,40428,8360,5182
2025-01-03T00:19:21.152132,51,63,305018,15764,3508,9350,6111,13311,2052,925
2025-01-03T00:19:22.152562,47,70,94256,19287,12529,14959,4701,4865,3783,592
2025-01-03T00:19:23.153217,57,70,21227,36863,29607,11245,7735,32394,4970,3900
2025-01-03T00:19:24.153950,56,81,16124,41352,39904,8444,7250,8885,11131,12341
2025-01-03T00:19:25.153955,53,84,34838,27003,15994,15161,18349,19031,6984,7005
2025-01-03T00:19:26.154350,67,75,27985,15107,10049,7416,20528,17065,6884,3074
2025-01-03T00:19:27.154943,69,67,31300,18716,3039,11213,9388,18593,9448,6349
2025-01-03T00:19:28.155623,91,53,21732,27003,6291,8410,14818,42178,5700,4561
2025-01-03T00:19:29.155884,81,48,221293,77182,17995,11817,10672,12595,8043,2790
2025-01-03T00:19:30.156693,70,57,13416,17623,20672,10970,13069,9589,3286,3118
2025-01-03T00:19:31.157541,64,54,35307,50755,10516,9841,14740,17269,4550,4118
2025-01-03T00:19:32.158072,47,50,681058,25867,2900,1029,3223,4584,3672,1556
2025-01-03T00:19:33.158138,61,56,115062,25863,22095,26877,16467,42833,26702,6437
2025-01-03T00:19:34.158462,61,48,426653,175005,60471,26882,18134,58893,20527,17034
2025-01-03T00:19:35.159099,57,43,2419030,265866,29261,18699,8208,51836,13192,24780
2025-01-03T00:19:36.159724,67,53,29621,35981,12417,18040,25052,32450,5707,9865
2025-01-03T00:19:37.160002,67,51,40267,32913,21086,16997,8443,32680,7214,5414
2025-01-03T00:19:38.160721,70,43,9629,54303,5212,6763,5280,21332,19181,4455
2025-01-03T00:19:39.161670,67,53,11101,37485,11438,10471,10532,7491,6678,3716
2025-01-03T00:19:40.161686,64,57,52010,26491,5273,20054,6723,14582,11236,7102
2025-01-03T00:19:41.161921,63,47,2263139,77200,8188,10846,5209,42516,21348,5256
2025-01-03T00:19:42.162547,75,48,502800,30496,7201,11437,28417,48405,19653,7143
2025-01-03T00:19:43.162989,77,41,51818,137236,2508,33487,16682,28401,6813,7996
2025-01-03T00:19:44.163584,77,47,10856,22507,31308,11905,7692,18633,21990,2427
2025-01-03T00:19:45.163665,70,57,29317,19624,16702,4697,10343,11781,6834,6608
2025-01-03T00:19:46.163992,50,50,47793,83039,1856,5075,8222,9012,5659,5082
2025-01-03T00:19:47.164898,56,54,874764,62329,33808,4840,14969,34191,29892,15878
2025-01-03T00:19:48.165581,56,35,63283,28061,3960,1572,4371,9675,5570,4803
2025-01-03T00:19:49.166211,57,38,636375,30610,24772,22132,9498,25998,44426,6658
2025-01-03T00:19:50.166916,64,64,21646,23731,45620,14057,20200,15173,11827,5995
2025-01-03T00:19:51.167227,70,64,23200,38905,25474,20346,40093,60372,11507,9109
2025-01-03T00:19:52.167417,67,75,664005,55490,26805,9517,19493,17181,6293,5955
2025-01-03T00:19:53.167756,57,63,73909,82173,10117,7255,8816,11882,10125,2687
2025-01-03T00:19:54.167996,61,54,67843,43137,27483,6862,15941,20512,8502,2417
2025-01-03T00:19:55.168518,61,56,5141,21200,10815,16247,15473,30345,13237,6044
2025-01-03T00:19:56.169020,64,53,17039,27215,10283,4099,11376,13226,14169,2577
2025-01-03T00:19:57.169288,66,53,34507,68070,10309,4085,5920,11857,2996,2464
2025-01-03T00:19:58.169361,66,56,19456,27866,31198,9007,17540,18385,6890,1808
2025-01-03T00:19:59.170163,61,54,6903,26712,5851,13541,12545,15960,17676,4417
2025-01-03T00:20:00.170804,69,61,16237,17503,2388,35162,8485,42819,7591,9896
2025-01-03T00:20:01.171599,83,67,8843,13785,18082,12452,45740,24370,9371,7277
2025-01-03T00:20:02.172200,84,66,360551,32585,25531,6812,13193,23325,19431,7458
2025-01-03T00:20:03.173036,70,54,61623,15050,1050,1166,554,1334,921,607
2025-01-03T00:20:04.173670,60,53,177058,21931,13842,2225,6346,9011,2989,1715
2025-01-03T00:20:05.173892,44,56,128580,6107,3205,2681,3160,1227,1059,1064
2025-01-03T00:20:06.174495,43,50,383213,25370,1606,7617,8096,11120,3394,1655
2025-01-03T00:20:07.175273,41,69,57760,49718,59559,61099,71219,11646,21039,5327
2025-01-03T00:20:08.176133,41,67,61744,18360,3851,5742,3590,5778,3517,724
2025-01-03T00:20:09.176484,53,74,6895,20245,29642,30199,7824,32198,6209,4623
2025-01-03T00:20:10.176695,43,74,81709,138333,25455,10610,21084,15697,5220,2146
2025-01-03T00:20:11.176768,44,77,34962,56540,49508,43030,10852,11755,5193,3968
2025-01-03T00:20:12.177516,40,78,12060,34191,16308,7293,7627,7534,4847,2037
2025-01-03T00:20:13.178114,37,70,24068,27832,12708,9993,9341,15139,6269,1339
2025-01-03T00:20:14.178452,35,70,9644,85973,13043,11958,13080,8612,6261,1263
2025-01-03T00:20:15.179264,53,64,438124,15021,9137,15800,4860,19479,24919,4411
2025-01-03T00:20:16.179541,60,41,144225,43307,1761,1800,19835,13116,3398,882
2025-01-03T00:20:17.180138,64,29,106112,37562,7090,3748,15245,22473,11928,3400
2025-01-03T00:20:18.180590,77,41,12172,35188,39494,17841,29656,24707,7728,2881
2025-01-03T00:20:19.180933,67,47,80995,13606,36108,9847,15111,13309,12806,3848
2025-01-03T00:20:20.181139,66,60,23335,46272,2539,10412,14805,14271,12175,1198
2025-01-03T00:20:21.181393,66,57,32133,38289,6603,4443,19816,26145,8404,4083
2025-01-03T00:20:22.182081,67,60,62757,19524,17103,31656,17973,20711,4247,3572
2025-01-03T00:20:23.182122,63,50,5755,60170,18041,16788,15328,12877,15795,6319
2025-01-03T00:20:24.182454,60,63,13101,34165,8369,22021,8764,9573,2436,2322
2025-01-03T00:20:25.183201,53,75,28378,40543,13847,14502,11921,17756,4335,4865
2025-01-03T00:20:26.183264,57,64,6676,28550,10958,15146,26565,32501,5080,5100
2025-01-03T00:20:27.184139,75,63,43777,11937,8141,8065,13461,23450,8199,5857
2025-01-03T00:20:28.184590,80,61,18904,30978,24181,13730,35060,16915,6674,2339
2025-01-03T00:20:29.185317,78,66,68964,25229,14892,21221,13836,12425,10755,2837
2025-01-03T00:20:30.186100,57,56,400104,155540,8763,9085,7686,13013,6841,3871
2025-01-03T00:20:31.186530,54,53,41017,30155,3569,23275,39958,30722,10554,4199
2025-01-03T00:20:32.186875,63,41,448343,20722,4154,7528,44361,19109,17677,3826
2025-01-03T00:20:33.187175,66,30,305162,37730,8229,10092,15589,15088,13571,4183
2025-01-03T00:20:34.187922,83,40,131875,8810,3186,1223,3039,5901,2156,1139
2025-01-03T00:20:35.188382,75,47,36502,46820,36927,4752,8311,21431,21444,6755
2025-01-03T00:20:36.189201,64,54,33586,37158,8179,9645,14015,9846,10478,13862
2025-01-03T00:20:37.189736,60,57,104591,24839,7442,12750,19607,7017,6076,8218
2025-01-03T00:20:38.190065,51,70,197671,37444,37934,20627,12531,18685,7289,2023
2025-01-03T00:20:39.190283,51,66,617401,94476,19216,26342,15781,33505,19022,5201
2025-01-03T00:20:40.190435,56,61,46019,7776,748,1313,972,3010,865,350
2025-01-03T00:20:41.190545,41,48,606590,763637,48281,28444,18391,23931,23541,4206
2025-01-03T00:20:42.191049,34,43,272205,49268,21959,14587,12535,8047,9943,3116
2025-01-03T00:20:43.191302,21,44,923498,299521,77704,49730,12434,29818,19460,4323
