Timestamp,Attention,Meditation,delta,theta,low-alpha,high-alpha,low-beta,high-beta,low-gamma,mid-gamma
2025-01-02T23:51:15.940835,69,51,4144,40325,17968,14092,14724,25252,6407,5097
2025-01-02T23:51:16.941592,75,51,144339,16425,6028,4258,8784,7476,3097,1416
2025-01-02T23:51:17.941954,67,54,105736,17846,11160,10606,3930,5745,6384,1377
2025-01-02T23:51:18.942004,75,80,344606,6833,24785,9874,5298,6567,4213,887
2025-01-02T23:51:19.942281,70,83,85385,39764,31360,13647,11276,17970,22382,6105
2025-01-02T23:51:20.943178,78,75,101993,47215,5185,8740,18057,43792,7807,4488
2025-01-02T23:51:21.943659,83,75,12411,10766,6942,52818,45483,19417,6225,4574
2025-01-02T23:51:22.943798,81,38,99381,8687,255,249,546,1214,715,543
2025-01-02T23:51:23.944467,87,35,21285,44475,15847,22848,17873,34188,14902,4705
2025-01-02T23:51:24.944604,70,30,704664,214386,17990,8278,21723,19221,11839,9745
2025-01-02T23:51:25.945108,69,20,15864,25901,6533,4380,11367,8983,6354,3800
2025-01-02T23:51:26.945835,70,29,269670,177601,22783,9663,37610,30290,14618,9500
2025-01-02T23:51:27.946714,74,26,29579,11963,10458,1085,10144,13695,9155,5464
2025-01-02T23:51:28.946950,78,43,21563,19570,5728,8956,4711,6528,4674,2163
2025-01-02T23:51:29.947374,77,44,101568,34350,7741,13358,25932,11306,18087,6168
2025-01-02T23:51:30.948365,80,53,13285,34422,10730,5639,15258,12512,9714,7524
2025-01-02T23:51:31.949008,78,63,17481,12748,27882,10409,12217,23286,16903,17477
2025-01-02T23:51:32.949509,87,63,6324,19995,16370,18545,20571,29430,9306,5030
2025-01-02T23:51:33.950022,81,54,15305,56992,4772,7137,32512,6751,9794,4860
2025-01-02T23:51:34.950306,84,54,11224,31542,7871,15932,35244,22852,11615,6069
2025-01-02T23:51:35.950930,84,51,13727,26468,24748,16857,11617,34079,15939,13226
2025-01-02T23:51:36.951232,88,51,25378,30153,30689,24447,18902,64726,36277,5079
2025-01-02T23:51:37.951463,90,80,83133,8668,23566,10620,965,4982,3397,1489
2025-01-02T23:51:38.952261,78,78,89954,73534,15684,3596,12784,7923,3377,1141
2025-01-02T23:51:39.953114,80,77,3817,26890,31432,13202,2952,44698,10104,2577
2025-01-02T23:51:40.953798,75,74,658326,55376,22695,18116,24159,44194,29452,7330
2025-01-02T23:51:41.953893,81,40,55767,38269,1614,2629,3187,10925,7726,987
2025-01-02T23:51:42.954593,94,47,34950,26757,15017,13882,27486,27053,32676,4129
2025-01-02T23:51:43.955180,87,40,56741,84063,31318,7799,13328,31924,12346,4291
2025-01-02T23:51:44.955468,80,35,121956,31896,1743,6544,4710,7868,3277,3103
2025-01-02T23:51:45.955955,93,41,24505,25098,4404,11567,15772,64851,17679,6830
2025-01-02T23:51:46.956532,84,30,74037,34597,2506,3693,3813,6008,6263,1189
2025-01-02T23:51:47.956769,88,27,135774,32656,6268,5520,8668,17322,3973,1153
2025-01-02T23:51:48.957470,91,43,35512,6563,12133,42640,29560,19370,23786,5943
2025-01-02T23:51:49.958036,83,50,4733,55773,23450,12641,13525,51584,13086,15358
2025-01-02T23:51:50.958038,70,48,237021,59900,2824,5926,3050,2680,3025,1508
2025-01-02T23:51:51.958708,66,67,11054,25356,17914,61883,8873,20480,17749,15139
2025-01-02T23:51:52.959047,70,47,411182,85087,4090,16932,17363,65796,9932,9263
2025-01-02T23:51:53.959105,57,44,248323,255305,64745,16734,18425,32005,16552,6798
2025-01-02T23:51:54.959949,67,63,9560,75022,75813,8156,14009,20472,23253,5124
2025-01-02T23:51:55.960598,74,53,35488,4683,2741,2991,2339,3907,3225,1246
2025-01-02T23:51:56.961183,74,61,43232,21505,10502,7212,9507,26344,23410,3064
2025-01-02T23:51:57.961216,80,75,76810,53260,53517,23771,13202,26939,6085,11532
2025-01-02T23:51:58.961268,91,50,59095,26783,899,2657,5218,19444,5108,4222
2025-01-02T23:51:59.961886,87,47,30735,36963,10724,14442,18375,12636,13766,5761
2025-01-02T23:52:00.962480,87,54,8003,11439,28549,13182,12122,37358,8786,6330
2025-01-02T23:52:01.962803,100,44,1434,23874,18782,17503,15293,69124,8856,4700
2025-01-02T23:52:02.963213,96,64,15402,27522,10865,17734,16061,18718,18100,7377
2025-01-02T23:52:03.963539,97,77,52820,29674,15594,46044,2776,22708,8915,7113
2025-01-02T23:52:04.963659,91,69,175419,53625,14131,24668,24805,25990,17645,5120
2025-01-02T23:52:05.963850,77,67,169558,33279,8142,9312,19033,10867,11101,6516
2025-01-02T23:52:06.964734,78,67,20392,18139,9686,19789,27269,19778,6339,6830
2025-01-02T23:52:07.965213,78,57,3252,37477,31809,2945,31203,16421,13554,18215
2025-01-02T23:52:08.965516,83,64,26114,26264,45678,8012,11475,32884,10293,3208
2025-01-02T23:52:09.965689,91,70,7249,13699,18906,16731,22041,33892,7724,5317
2025-01-02T23:52:10.965869,80,77,78346,19668,12243,8295,2090,3249,2464,6354
2025-01-02T23:52:11.966786,87,77,2829,14327,8598,10943,12305,24081,18794,8092
2025-01-02T23:52:12.967200,80,67,211845,39676,10710,5984,2195,10303,2711,2159
2025-01-02T23:52:13.967406,69,56,44134,12902,1397,1594,5807,2919,3612,2186
2025-01-02T23:52:14.968034,84,51,11187,9339,8209,18507,19737,20528,10968,4742
2025-01-02T23:52:15.968603,84,47,50041,31010,9060,9294,7493,31667,16313,3317
2025-01-02T23:52:16.968813,94,48,24468,14244,19170,6637,13627,29371,26081,12278
2025-01-02T23:52:17.968915,100,64,667736,22672,31650,18614,22010,20456,8247,6307
2025-01-02T23:52:18.969649,94,64,109535,37355,18254,18982,3727,28267,8738,9583
2025-01-02T23:52:19.970457,96,64,11370,29728,17760,2954,34657,31371,13477,7692
2025-01-02T23:52:20.970538,100,64,13702,12037,19323,23009,24497,58269,25232,8706
2025-01-02T23:52:21.971354,100,60,178261,78457,45305,13784,12645,42856,7078,4174
2025-01-02T23:52:22.971665,96,47,217210,111148,5176,19404,27231,30046,21315,9255
2025-01-02T23:52:23.971673,80,51,22576,75264,25163,13565,25976,10632,8959,10514
2025-01-02T23:52:24.971827,70,43,20987,17969,9034,6897,51139,13489,15587,4240
2025-01-02T23:52:25.972689,77,40,10471,24512,7557,9830,11133,25514,10462,5282
2025-01-02T23:52:26.973197,80,40,63625,35676,6207,2351,6371,13795,4471,1104
2025-01-02T23:52:27.973489,100,34,267788,24121,10557,3541,8553,36806,15189,16756
2025-01-02T23:52:28.973532,100,23,875633,109272,2023,8487,9111,41011,33574,8868
2025-01-02T23:52:29.973836,93,20,272885,116020,16540,18624,17790,42352,16393,6441
2025-01-02T23:52:30.974563,87,26,845445,143728,45567,13016,37977,28750,23042,4660
2025-01-02T23:52:31.974928,70,26,67900,42705,623,9001,3273,6810,7503,2948
2025-01-02T23:52:32.975204,67,43,163490,58317,28714,12728,34471,25094,18919,13240
2025-01-02T23:52:33.975361,67,43,98962,16715,1021,4737,4318,6217,5113,1922
2025-01-02T23:52:34.975502,77,47,88185,19309,8289,9287,2483,16086,3467,1902
2025-01-02T23:52:35.975579,75,50,449441,205068,50189,11517,18008,36576,30280,4018
2025-01-02T23:52:36.975667,70,53,180968,49788,23804,11043,9037,13246,3847,2255
2025-01-02T23:52:37.975886,78,57,510337,89841,50718,38269,41522,106242,12820,7533
2025-01-02T23:52:38.975982,74,56,560995,184097,97136,20108,24162,63344,28693,15138
2025-01-02T23:52:39.976667,80,61,210969,30284,4632,13229,7772,12341,6056,5411
2025-01-02T23:52:40.977034,88,56,119916,8108,3552,3107,6772,7133,2444,3283
2025-01-02T23:52:41.977564,80,47,344018,15409,1901,1237,4768,4085,3703,2009
2025-01-02T23:52:42.977710,80,35,652026,140805,11018,9485,12672,29446,19360,9640
2025-01-02T23:52:43.978566,74,26,338667,191537,7324,35559,13915,32539,18656,6313
2025-01-02T23:52:44.979451,74,26,9470,30323,6669,16408,12276,26990,11193,12853
2025-01-02T23:52:45.979814,75,24,346067,130075,6837,14304,10261,46378,13725,4767
2025-01-02T23:52:46.980640,78,44,149831,47411,18252,53797,10067,36909,16186,6695
2025-01-02T23:52:47.981345,94,43,15629,14078,7249,3821,22940,26165,12832,5872
2025-01-02T23:52:48.981669,97,43,8491,32532,7376,19157,9026,46642,17807,5934
2025-01-02T23:52:49.982469,96,54,460881,35124,24776,6205,33083,15169,12809,10330
2025-01-02T23:52:50.983026,100,53,58378,13878,16899,28844,17495,41675,19021,7444
2025-01-02T23:52:51.983033,100,53,17439,11536,2869,6687,15949,37778,35291,6770
2025-01-02T23:52:52.983872,94,60,9997,41044,54376,3752,28237,23374,23434,6733
2025-01-02T23:52:53.984616,90,53,195386,221589,41909,14960,11143,42921,23759,9742
2025-01-02T23:52:54.984846,80,24,196756,120315,1140,2533,6836,30742,40496,7413
2025-01-02T23:52:55.985262,69,37,266457,23029,27355,14647,19577,39744,20181,6131
2025-01-02T23:52:56.985770,80,27,12461,24972,808,12564,8009,30703,26648,4452
2025-01-02T23:52:57.986291,83,34,2011226,140893,29747,24556,13333,36599,27542,6693
2025-01-02T23:52:58.987023,84,53,75426,29824,4988,4820,7547,11360,4115,4188
2025-01-02T23:52:59.987182,74,57,150021,4207,2645,3881,1408,1590,621,739
2025-01-02T23:53:00.987980,66,56,129059,46405,9696,6284,16509,26293,63848,12415
2025-01-02T23:53:01.988533,67,61,34986,55778,32321,21548,24834,23841,13679,11259
2025-01-02T23:53:02.989379,75,63,100213,15678,3759,5757,5009,16901,3054,1834
2025-01-02T23:53:03.989803,87,57,10187,25971,13204,20526,9756,40397,6338,2503
2025-01-02T23:53:04.990060,84,56,785492,124231,20476,6838,17633,44115,20957,5676
2025-01-02T23:53:05.990169,80,50,115317,146353,41830,4564,17788,22845,6481,18952
2025-01-02T23:53:06.990622,70,51,131116,50378,16533,10506,17209,21731,13610,9621
2025-01-02T23:53:07.991311,80,47,10443,6992,16325,3730,15319,51366,22086,10995
2025-01-02T23:53:08.992222,90,34,609285,47923,488,3138,16121,44370,15681,16024
2025-01-02T23:53:09.992414,97,43,6721,30490,20327,35659,17075,32199,22623,19726
2025-01-02T23:53:10.992675,100,35,100797,32557,2616,3991,5991,14000,2959,4415
2025-01-02T23:53:11.993560,88,38,272381,50806,28975,13456,25886,35074,17795,9232
2025-01-02T23:53:12.994287,90,51,126238,22214,6232,5013,11036,38367,9813,5610
2025-01-02T23:53:13.994311,90,41,27221,73424,23959,6724,26730,36382,32921,6090
2025-01-02T23:53:14.995265,94,54,478077,20493,9897,27991,8020,39862,16018,9018
2025-01-02T23:53:15.995650,96,54,3924,21164,9027,18337,29154,19366,10110,8795
2025-01-02T23:53:16.996208,88,61,62855,5201,1773,2812,3351,3919,8264,1521
2025-01-02T23:53:17.996913,91,57,20998,48108,7537,6022,14290,31871,16372,6185
2025-01-02T23:53:18.997457,83,60,29722,36022,11259,37265,9676,24309,19601,10966
2025-01-02T23:53:19.997963,78,60,101018,58752,34355,9847,16635,22772,6052,4191
2025-01-02T23:53:20.998279,69,69,29349,29795,29089,33589,15646,12284,10633,4673
2025-01-02T23:53:21.998301,67,77,12587,43037,5890,24678,13330,34792,6507,1624
2025-01-02T23:53:22.998942,77,77,8839,20791,37325,20399,18845,52904,9458,11332
2025-01-02T23:53:23.999495,80,66,130896,72247,11724,10719,77620,29182,17578,4219
2025-01-02T23:53:25.000328,78,38,945719,683548,17473,13308,18815,74316,15873,6091
2025-01-02T23:53:26.000348,74,34,12625,58502,10037,9924,15433,19452,8459,5559
2025-01-02T23:53:27.001112,60,27,249079,23027,8579,3428,8006,4650,6099,941
2025-01-02T23:53:28.001773,60,38,10599,17137,15040,7526,19213,13636,21088,14545
2025-01-02T23:53:29.001996,63,64,54745,13587,9859,6768,4815,5508,3108,1241
2025-01-02T23:53:30.002057,61,66,8199,54411,9420,11296,21077,13917,17795,4923
2025-01-02T23:53:31.002704,66,64,104781,42422,5962,20435,25236,17474,12679,19094
2025-01-02T23:53:32.003512,61,64,122181,8853,4349,1997,4264,2900,8976,2020
2025-01-02T23:53:33.003733,61,61,15045,25739,23538,21923,35397,15132,10386,4203
2025-01-02T23:53:34.004437,60,69,116440,33059,17696,14560,7845,8738,3130,1926
2025-01-02T23:53:35.005167,53,66,129687,42572,5364,6574,6468,7425,2113,1209
2025-01-02T23:53:36.005867,53,81,23186,12603,57633,41531,15297,21451,7382,3653
2025-01-02T23:53:37.006597,53,84,97527,39906,3938,76453,14767,30468,9763,11991
2025-01-02T23:53:38.007325,74,81,7565,22374,46802,3512,12497,46329,9253,4456
2025-01-02T23:53:39.007726,74,81,7565,22374,46802,3512,12497,46329,9253,4456
2025-01-02T23:53:40.007877,78,63,32231,68952,14490,16284,10497,32831,7341,7998
2025-01-02T23:53:41.008376,80,63,96534,16222,1785,5804,659,5003,4926,1185
2025-01-02T23:53:42.008540,83,57,34035,16713,11482,11414,22468,32363,33371,4525
2025-01-02T23:53:43.009175,83,57,6932,34042,14007,7014,13747,22263,10301,8613
2025-01-02T23:53:44.009671,80,48,9717,84291,11103,4759,20861,28075,8762,6460
2025-01-02T23:53:45.010492,88,50,61822,28741,23983,11291,18034,32773,11224,8040
2025-01-02T23:53:46.010782,78,54,36304,44846,33515,4928,10305,25997,7917,19308
2025-01-02T23:53:47.011536,69,51,13369,80362,11949,12124,11233,13173,8224,10950
2025-01-02T23:53:48.011800,66,60,12119,95064,30872,7501,15475,30515,14000,5989
2025-01-02T23:53:49.012137,54,69,25173,19488,21193,41655,9913,13477,9977,13091
2025-01-02T23:53:50.012771,66,63,11813,22320,10528,6137,12995,46003,16959,4894
2025-01-02T23:53:51.013031,67,70,111361,43511,27039,7081,5259,13353,5822,2432
2025-01-02T23:53:52.013662,80,64,41216,68681,14065,5577,19001,59538,8209,2547
2025-01-02T23:53:53.014073,93,54,50635,9624,17593,13637,14911,35110,13762,11041
2025-01-02T23:53:54.014149,77,54,284339,190421,25667,26168,4870,39054,34304,10834
2025-01-02T23:53:55.014452,78,43,937844,166267,32627,6501,36055,48028,33830,8595
2025-01-02T23:53:56.015138,74,48,85158,12993,3167,2091,4681,6548,8816,1712
2025-01-02T23:53:57.015834,69,43,52850,19128,11009,2783,10131,18535,9676,4185
2025-01-02T23:53:58.016433,90,40,39587,10474,7245,9094,24300,72206,12594,8915
2025-01-02T23:53:59.016799,100,40,14453,13678,5089,4273,25665,36432,7705,5887
2025-01-02T23:54:00.017111,100,38,249213,20911,5098,1788,5534,6767,4845,2580
2025-01-02T23:54:01.017238,97,38,5426,24769,18447,9992,26757,32878,10274,22962
2025-01-02T23:54:02.017824,93,34,68114,6243,1658,894,9363,11263,1072,2761
2025-01-02T23:54:03.018705,88,43,7070,22032,11723,17777,11105,43916,12427,5178
2025-01-02T23:54:04.019064,87,41,594488,127560,11186,17235,13438,32457,15136,2015
2025-01-02T23:54:05.019212,78,47,7709,22283,39057,12530,48241,19731,5953,18312
2025-01-02T23:54:06.019354,70,57,311309,30781,9537,20119,29315,35560,8969,12159
2025-01-02T23:54:07.019841,63,47,1387707,137908,5851,13859,12062,41060,6652,6676
2025-01-02T23:54:08.020424,77,48,59454,7785,1369,5144,4847,16459,5642,2135
2025-01-02T23:54:09.021104,84,43,9384,15352,6739,8055,10190,21879,7861,5987
2025-01-02T23:54:10.021913,91,41,3409,22515,15897,8317,21351,60398,20203,20994
2025-01-02T23:54:11.022780,94,57,11983,28776,32237,35688,31377,33677,22218,5943
2025-01-02T23:54:12.023510,87,66,9730,38166,21157,24554,11833,32914,15795,4736
2025-01-02T23:54:13.024447,77,61,161944,19196,2018,2473,1258,4669,1246,510
2025-01-02T23:54:14.024699,67,57,377801,69229,9079,7344,10625,33743,27468,5068
2025-01-02T23:54:15.025421,67,48,94200,16467,2473,4196,2725,9356,7809,766
2025-01-02T23:54:16.026123,63,41,33857,57002,4952,16471,19039,15900,7466,4890
2025-01-02T23:54:17.026646,64,44,105576,89410,31047,15873,37843,42031,26703,6675
2025-01-02T23:54:18.026987,69,47,80433,64581,15905,13282,32881,61791,12110,1618
2025-01-02T23:54:19.027831,67,56,5623,18858,54185,3339,19483,30105,18686,8360
2025-01-02T23:54:20.028560,78,60,26894,40724,16342,15321,12225,50258,11288,9366
2025-01-02T23:54:21.028687,70,63,158050,33470,10257,6489,8097,6386,3095,1484
2025-01-02T23:54:22.028785,66,61,685616,80419,18718,4616,6429,36403,13578,6844
2025-01-02T23:54:23.029107,66,57,48604,34376,30173,16852,17182,32319,16086,25382
2025-01-02T23:54:24.029553,69,53,16817,47287,4448,22556,17524,70368,23503,10231
2025-01-02T23:54:25.029770,88,51,26644,13570,16139,2092,7393,34625,13549,8220
2025-01-02T23:54:26.030545,93,48,7088,36384,1504,11909,46813,40444,13146,21343
2025-01-02T23:54:27.031229,97,35,2265,30443,6943,6768,36022,31512,11732,4169
2025-01-02T23:54:28.032022,78,29,435033,161973,7936,8557,12796,12518,17833,5622
2025-01-02T23:54:29.032451,54,29,234264,158373,28135,35400,21005,14243,15870,21252
2025-01-02T23:54:30.032472,47,50,16410,15749,33938,17751,10122,23425,13026,18374
2025-01-02T23:54:31.033277,43,50,94402,15672,3367,1594,4114,10929,6107,2531
2025-01-02T23:54:32.033835,53,63,980054,111390,9308,56969,19851,37485,12419,6775
2025-01-02T23:54:33.034323,61,61,160053,118277,28065,21753,24832,32431,14775,5537
2025-01-02T23:54:34.034584,57,53,789611,70762,14746,18172,9622,20024,5864,3990
2025-01-02T23:54:35.034810,60,66,21825,9066,41419,5688,16671,35559,18826,4082
2025-01-02T23:54:36.035380,64,67,48696,33055,25861,9631,12426,25817,25792,9103
2025-01-02T23:54:37.035499,80,63,26910,22659,8244,6849,10808,53490,6795,4171
2025-01-02T23:54:38.036266,100,54,16669,9882,1712,4754,6729,34788,5651,5809
2025-01-02T23:54:39.036322,96,41,9444,29293,9603,4092,25896,20178,10889,3955
2025-01-02T23:54:40.036395,94,34,77047,11545,1839,1687,3706,4241,3421,840
2025-01-02T23:54:41.036483,83,41,11034,24659,25626,24334,49709,25913,13794,7925
2025-01-02T23:54:42.036895,80,48,456461,9796,16728,4501,24612,45093,13758,5746
2025-01-02T23:54:43.037690,84,61,7830,9076,16587,18174,5389,31833,19512,24210
2025-01-02T23:54:44.038012,78,78,1364237,41149,43887,23090,10436,16263,20201,8683
2025-01-02T23:54:45.038620,70,74,65025,55899,6495,17370,9491,11552,20687,3685
2025-01-02T23:54:46.038921,61,80,40408,39291,47227,4655,6303,37030,9759,12193
2025-01-02T23:54:47.039554,53,77,124223,40997,12409,28281,12321,21749,29129,5424
2025-01-02T23:54:48.039957,75,67,81640,1701,4402,3816,3580,19039,3357,3837
2025-01-02T23:54:49.040325,75,70,45404,31836,9819,6957,2180,7438,3099,3356
2025-01-02T23:54:50.040959,77,74,10111,12351,23154,10111,16117,23027,18800,2841
2025-01-02T23:54:51.041430,75,74,51240,36435,12100,27025,22740,16439,14033,5648
2025-01-02T23:54:52.042295,57,60,189380,31536,2133,2010,6530,9580,4612,1423
2025-01-02T23:54:53.042381,57,51,91688,111574,12486,11967,7237,24083,11730,8410
2025-01-02T23:54:54.042491,53,47,135981,10266,3764,6059,9637,5234,3924,3932
2025-01-02T23:54:55.043234,51,51,17594,22080,17063,25514,7436,11806,24291,6596
2025-01-02T23:54:56.043931,54,66,12636,14609,10103,19946,27931,16799,31601,7452
2025-01-02T23:54:57.044688,69,70,16628,17243,11256,12747,37418,40596,9150,7685
2025-01-02T23:54:58.044907,64,74,56670,10349,5416,3017,4459,2825,4196,685
2025-01-02T23:54:59.045249,67,67,10876,18429,21122,17639,33793,15506,6730,1654
2025-01-02T23:55:00.045390,67,70,75903,36414,28079,45654,17460,45065,20711,4225
2025-01-02T23:55:01.046152,75,70,19006,8712,6249,17262,15176,67715,14875,5004
2025-01-02T23:55:02.047104,80,66,20620,49093,12298,18669,41437,22315,8907,10619
2025-01-02T23:55:03.047494,90,67,2110,12957,23839,4874,7980,31928,15406,6378
2025-01-02T23:55:04.048069,77,51,48883,75331,7509,2404,5620,7467,17694,1624
2025-01-02T23:55:05.048694,60,51,9341,41530,12014,12438,15317,22498,9457,11246
2025-01-02T23:55:06.048823,54,54,285886,175874,20978,62611,17227,32791,9529,15778
2025-01-02T23:55:07.049217,53,56,15281,10243,28909,26161,10606,47257,15121,10965
2025-01-02T23:55:08.049843,74,53,16161,60204,4765,4036,7590,60647,11337,2860
2025-01-02T23:55:09.050042,78,40,412991,80424,8528,3122,12258,57551,22775,2982
2025-01-02T23:55:10.050968,90,38,31904,22450,20838,4671,33742,26036,32338,10074
2025-01-02T23:55:11.051810,93,30,33987,18714,19039,27173,32285,65215,25523,16473
2025-01-02T23:55:12.051871,93,44,14015,27173,8584,12637,10181,34391,26513,2789
2025-01-02T23:55:13.052074,91,67,19503,6615,10831,21949,5425,21415,17318,11851
2025-01-02T23:55:14.052081,93,64,11422,59029,21070,6079,13190,57360,16078,14270
2025-01-02T23:55:15.052540,90,57,143851,14119,1802,4274,2531,13393,4289,1814
2025-01-02T23:55:16.052699,87,56,26253,23814,8049,15206,47016,23976,11736,7164
2025-01-02T23:55:17.053554,81,50,238585,48800,28921,10201,11526,25159,19958,8359
2025-01-02T23:55:18.054216,84,57,11358,5557,23863,1759,8880,38541,24940,3369
2025-01-02T23:55:19.054282,87,67,50233,3339,7439,845,995,8933,1123,1543
2025-01-02T23:55:20.055014,93,75,9473,8792,16539,23020,8932,51306,10462,2835
2025-01-02T23:55:21.055505,88,66,112933,32907,1639,5695,7986,6891,6152,1907
2025-01-02T23:55:22.056122,81,63,23569,32519,15388,11793,8026,32088,19273,2616
2025-01-02T23:55:23.056461,81,51,59365,49503,11987,8761,22178,45362,9639,9268
2025-01-02T23:55:24.056794,78,47,9304,22203,22305,6218,38824,40332,8869,13004
2025-01-02T23:55:25.057101,87,60,49776,30830,31383,23673,9444,37382,18494,8057
2025-01-02T23:55:26.057161,83,60,55361,17148,8998,3610,3152,10790,4891,2503
2025-01-02T23:55:27.057389,78,64,16033,35239,20593,4118,20985,23941,11979,9202
2025-01-02T23:55:28.057501,77,61,6073,30515,10144,3311,9773,26461,8779,10866
2025-01-02T23:55:29.058241,66,63,45346,55061,30006,33593,12169,15933,12082,5671
2025-01-02T23:55:30.058514,60,56,261967,36325,7197,1901,3657,8839,4559,1015
2025-01-02T23:55:31.058621,66,54,8668,18986,3345,19006,26662,36372,14773,3890
2025-01-02T23:55:32.058644,54,57,115561,174915,18978,53187,10444,40862,14670,7147
2025-01-02T23:55:33.058878,56,48,507936,233228,54919,29120,44828,57844,24187,11248
2025-01-02T23:55:34.059830,74,47,130405,19255,3905,7624,19749,45546,11384,4437
2025-01-02T23:55:35.060020,60,56,5274,15654,16018,14746,9962,8863,16134,7498
2025-01-02T23:55:36.060192,60,61,127665,133917,65904,16830,14175,30914,37095,8646
2025-01-02T23:55:37.060461,63,63,74669,37163,14958,7705,10704,15543,11411,10672
2025-01-02T23:55:38.061045,57,77,16266,16786,20873,19430,14337,37465,16088,4389
2025-01-02T23:55:39.061700,80,61,6367,7005,3835,10173,10089,60585,11654,4559
2025-01-02T23:55:40.062409,77,50,813080,422988,64092,9168,58466,54811,110737,53316
2025-01-02T23:55:41.063253,74,54,31187,20237,20178,3023,6236,7364,2570,957
2025-01-02T23:55:42.064188,64,47,716507,95140,9584,27058,30156,38538,14896,8838
2025-01-02T23:55:43.064432,57,47,2718,11782,7240,3471,18963,28472,24568,10937
2025-01-02T23:55:44.064540,69,54,81961,11963,4392,2805,3585,7671,2113,1463
2025-01-02T23:55:45.064577,84,44,428516,16188,7992,7398,17264,33458,9508,8712
2025-01-02T23:55:46.064712,94,44,2343,19528,12174,2462,11671,38387,9425,2584
2025-01-02T23:55:47.064714,83,54,24463,42845,25607,15495,22070,22777,18744,12272
2025-01-02T23:55:48.065455,83,53,27419,28663,13747,8851,26509,20059,21077,5796
2025-01-02T23:55:49.066403,75,60,7541,20613,6734,14706,13253,17801,9358,8926
2025-01-02T23:55:50.066718,66,61,35109,36629,13636,6173,16342,20212,21114,7883
2025-01-02T23:55:51.067434,75,60,35829,15801,12627,21001,21482,41913,10962,5761
2025-01-02T23:55:52.068294,81,56,30710,27640,11613,3617,18041,34991,9466,15896
2025-01-02T23:55:53.068781,81,61,6982,38211,44455,22144,19321,42326,8091,6643
2025-01-02T23:55:54.069605,80,69,6940,21162,26603,18610,26851,21118,3379,6974
2025-01-02T23:55:55.070240,74,64,14994,50955,20556,8806,15085,32562,17515,16205
2025-01-02T23:55:56.070987,75,66,7994,10066,4502,8399,24394,20575,17454,7337
2025-01-02T23:55:57.071087,75,66,16762,13178,16900,16304,24362,19481,6339,3039
2025-01-02T23:55:58.071526,81,50,26321,41180,2842,8178,27733,36287,11306,7442
2025-01-02T23:55:59.071914,88,54,28558,7856,9231,27314,24581,36209,20293,6731
2025-01-02T23:56:00.071967,74,57,386831,286214,114794,11747,50249,62562,23280,6100
2025-01-02T23:56:01.072096,66,47,123041,87538,12554,13019,19626,19980,14926,5406
2025-01-02T23:56:02.072557,57,60,203895,54877,22843,17757,17593,24738,8017,5737
2025-01-02T23:56:03.073450,47,63,452023,105461,82020,74033,38707,54589,14095,15852
2025-01-02T23:56:04.073937,44,54,92002,248073,35423,4570,34676,36372,13976,6993
2025-01-02T23:56:05.074863,54,56,9079,38507,16900,4824,24620,33348,8678,12422
2025-01-02T23:56:06.075078,51,53,209810,31825,9102,2441,3762,7814,5623,3945
2025-01-02T23:56:07.075202,53,47,28145,62552,18771,24587,16225,24202,12165,6943
2025-01-02T23:56:08.075357,61,50,476332,101016,10051,16977,6598,47300,8414,2885
2025-01-02T23:56:09.075470,63,51,118879,13928,4168,5073,4156,16227,9118,1757
2025-01-02T23:56:10.075914,74,48,36015,61103,7152,15337,9110,54548,10316,6462
2025-01-02T23:56:11.076196,80,48,9378,36529,29341,12747,8180,38247,22627,8022
2025-01-02T23:56:12.077085,80,48,34578,30650,2604,5128,5686,14039,3309,1816
2025-01-02T23:56:13.077477,70,41,436194,96269,13079,6177,13928,35363,10049,10998
2025-01-02T23:56:14.077840,69,50,476222,24270,9654,24438,19339,35978,23618,5127
2025-01-02T23:56:15.078055,64,51,67345,21730,16474,8917,7263,12285,5400,2253
2025-01-02T23:56:16.078157,74,56,10107,13506,12827,9825,33411,37731,6180,19069
2025-01-02T23:56:17.078182,70,63,214080,16947,5418,2016,4882,6173,3327,1126
2025-01-02T23:56:18.078522,80,57,11655,18075,8101,16713,16720,61156,8602,3320
2025-01-02T23:56:19.078927,67,41,76243,51201,3964,2652,7104,4016,4208,4260
2025-01-02T23:56:20.079735,60,41,103646,45139,8729,12719,8364,28611,11113,10319
2025-01-02T23:56:21.080035,66,29,12384,100283,9673,4697,31175,76726,16377,2839
2025-01-02T23:56:22.080154,63,35,30354,31843,25568,28715,9153,79883,9567,8971
2025-01-02T23:56:23.080741,70,29,307703,50848,994,2905,4731,10612,5090,1342
2025-01-02T23:56:24.081403,60,21,930151,292120,5633,26161,36464,28931,13690,4071
2025-01-02T23:56:25.082189,48,41,195198,165132,161242,23953,22440,52215,18024,11349
2025-01-02T23:56:26.082552,38,50,16610,6664,46499,12569,33879,18442,8956,10033
2025-01-02T23:56:27.082673,44,67,57363,31355,24387,14637,8075,35348,11229,9223
2025-01-02T23:56:28.082760,61,70,16017,63457,8279,13035,17291,59551,14405,13181
2025-01-02T23:56:29.083271,64,67,168298,24357,3175,14593,1738,9085,4468,1036
2025-01-02T23:56:30.083828,66,57,78610,14277,6406,3743,5306,7420,5450,4217
2025-01-02T23:56:31.084005,64,48,100604,14737,2250,1398,2030,7808,3188,1685
2025-01-02T23:56:32.084216,60,57,12670,18903,14009,13911,25364,17012,7902,18874
2025-01-02T23:56:33.084690,61,44,88324,15456,271,2609,3704,5064,3056,2510
2025-01-02T23:56:34.085210,64,51,45393,16519,12050,18035,10591,21664,13640,15835
2025-01-02T23:56:35.085937,63,60,19331,67784,30373,18823,14681,41495,9959,7643
2025-01-02T23:56:36.086768,78,51,17122,12207,22463,2412,62274,83061,14360,10496
2025-01-02T23:56:37.087122,87,48,95331,62144,4064,8408,20935,57186,16819,11273
2025-01-02T23:56:38.087939,93,40,25620,29606,10448,15825,18996,56977,19141,3596
2025-01-02T23:56:39.088234,90,40,87336,92636,41638,30365,44232,41438,9760,5953
2025-01-02T23:56:40.088897,80,54,15369,12263,26749,28854,7556,47759,16564,3888
2025-01-02T23:56:41.089213,66,60,858294,126038,22616,5671,21389,23145,13305,1382
2025-01-02T23:56:42.089739,44,60,134294,58893,14869,7337,9333,6474,5119,1082
2025-01-02T23:56:43.089813,34,56,78585,46303,10656,5870,9058,3437,1616,2223
2025-01-02T23:56:44.089874,24,40,130798,24641,1899,2804,5591,7384,3757,3946
2025-01-02T23:56:45.090480,35,47,7476,17433,14681,1782,21005,19825,10904,6484
2025-01-02T23:56:46.090802,50,47,5821,23645,3586,12746,14800,20355,19424,3786
2025-01-02T23:56:47.091694,74,48,1240568,22256,15297,13498,34739,39753,18619,16269
2025-01-02T23:56:48.092133,75,63,15392,17913,29732,12150,22335,18287,12423,9850
2025-01-02T23:56:49.092813,78,64,65063,22261,11818,14706,17581,38683,13263,5555
2025-01-02T23:56:50.093451,77,47,179192,25635,1219,489,4853,10911,2632,2350
2025-01-02T23:56:51.093609,66,50,7905,21312,18604,5978,20082,13149,30288,10441
2025-01-02T23:56:52.094102,69,41,9378,26557,14651,7263,28318,21451,5819,8883
2025-01-02T23:56:53.094751,60,48,11583,26826,40312,13152,21644,17928,19897,5230
2025-01-02T23:56:54.095205,64,70,29592,19612,28106,11853,8226,38721,11938,4715
2025-01-02T23:56:55.095691,67,57,100181,11496,847,1001,1780,6575,3903,2656
2025-01-02T23:56:56.096123,60,64,477105,68162,47015,12915,10711,20248,36885,15990
2025-01-02T23:56:57.096347,56,54,102027,76233,16387,15061,22929,17055,7300,9349
2025-01-02T23:56:58.096394,44,60,73944,82096,77293,65996,31496,35966,21349,8116
2025-01-02T23:56:59.096919,37,74,58748,43127,24986,3282,4330,12006,4503,1132
2025-01-02T23:57:00.096989,43,69,3686,30846,22228,14924,48906,25393,19447,2970
2025-01-02T23:57:01.097101,53,75,156045,29911,7148,29805,11782,33019,12728,17938
2025-01-02T23:57:02.097187,57,63,21341,62959,8809,22590,53380,27252,30100,6134
2025-01-02T23:57:03.098074,53,43,951767,341027,16278,4704,24962,32717,15622,9506
2025-01-02T23:57:04.098174,56,35,45507,16082,1113,3163,1975,10986,6932,995
2025-01-02T23:57:05.098902,61,29,15634,23730,4375,17791,10632,32865,19359,6573
2025-01-02T23:57:06.099830,64,41,18380,22141,23329,32654,6052,33447,13904,2330
2025-01-02T23:57:07.100351,88,54,45599,4128,2847,2513,5527,15861,3194,5831
2025-01-02T23:57:08.100768,80,60,124975,23544,5537,3012,4586,7110,3211,3885
2025-01-02T23:57:09.101550,70,61,23835,10173,4693,2490,5741,4973,2968,477
2025-01-02T23:57:10.101885,75,51,70630,6501,718,3384,1652,7194,2940,1907
2025-01-02T23:57:11.102727,69,53,44338,16864,13464,2094,9037,29928,15601,14313
2025-01-02T23:57:12.103104,77,57,15280,26506,6293,29451,30660,27485,13200,5821
2025-01-02T23:57:13.103789,78,54,3053,56135,3400,20633,15024,30018,6734,7042
2025-01-02T23:57:14.104137,70,47,63253,30454,3243,2102,7160,9342,5542,2735
2025-01-02T23:57:15.105019,66,54,19596,16578,21412,30970,8631,41413,22718,9649
2025-01-02T23:57:16.105731,64,43,111038,25038,2382,2146,2913,10389,2833,2283
2025-01-02T23:57:17.105853,54,41,81019,69148,11998,3421,10277,8457,2012,1506
2025-01-02T23:57:18.106140,57,50,609291,59064,5301,27800,14239,44500,20800,13536
2025-01-02T23:57:19.106230,56,38,62390,15014,1390,3456,1798,8898,2999,1573
2025-01-02T23:57:20.106475,60,43,452547,49325,3288,22038,21674,44532,47133,4666
2025-01-02T23:57:21.106616,83,40,6803,17414,7182,5945,36046,50683,6248,8504
2025-01-02T23:57:22.107215,77,38,119926,60077,7757,12018,10110,15417,5132,4029
2025-01-02T23:57:23.107787,70,56,35795,32074,42968,90827,11835,44723,19668,13295
2025-01-02T23:57:24.108591,64,61,56598,13304,3154,5114,9369,4118,2719,1657
2025-01-02T23:57:25.108709,44,70,182595,108601,52641,19674,12098,28186,18247,8615
2025-01-02T23:57:26.109627,44,74,435133,93916,16205,17428,7621,29073,23232,7422
2025-01-02T23:57:27.110117,54,56,3355,20648,9870,6616,12291,30941,18111,4160
2025-01-02T23:57:28.110476,53,63,18812,77222,26245,50186,10645,28131,22491,5551
2025-01-02T23:57:29.110631,69,61,10171,22974,27876,7551,23742,59092,10690,10128
2025-01-02T23:57:30.111482,74,61,114046,13061,5512,1599,4218,7536,2010,2967
2025-01-02T23:57:31.111504,60,64,131054,30111,10608,6826,5801,7347,5551,3067
2025-01-02T23:57:32.111872,67,61,9757,43551,16455,21946,17381,37381,17144,5049
2025-01-02T23:57:33.112802,56,63,28045,21779,17697,1746,4466,11535,5325,1945
2025-01-02T23:57:34.113475,54,70,10908,33948,13852,35356,27859,23453,13134,3390
2025-01-02T23:57:35.113994,69,66,122080,23962,20107,7002,24056,56333,24100,2528
2025-01-02T23:57:36.114070,69,66,92332,31885,22284,2515,9824,22860,28299,7459
2025-01-02T23:57:37.114136,64,70,16700,28729,36185,10713,11778,12584,39771,15051
2025-01-02T23:57:38.115007,67,54,61009,22118,1988,1489,2915,8637,2512,1696
2025-01-02T23:57:39.115087,50,57,80373,70086,20400,17317,16265,14550,8799,4942
2025-01-02T23:57:40.115845,48,67,187877,3861,10510,5183,4650,6184,3006,2011
2025-01-02T23:57:41.116199,51,60,32637,45502,15835,10476,15094,18304,19583,9947
2025-01-02T23:57:42.116381,56,69,388638,21797,15253,4499,9455,26906,11662,3733
2025-01-02T23:57:43.117155,67,66,12335,60931,24542,16342,28560,60316,13078,3646
2025-01-02T23:57:44.117656,78,53,102139,21555,5618,9822,5829,40488,5783,4377
2025-01-02T23:57:45.117713,83,53,100709,94424,50348,7367,12901,74599,16797,3931
2025-01-02T23:57:46.118018,88,51,5327,17751,5425,13669,11065,45225,12833,4796
2025-01-02T23:57:47.118464,87,57,40729,26409,21680,27478,9590,37535,21223,4593
2025-01-02T23:57:48.118858,77,60,51020,14934,2805,2827,1353,6379,8594,1518
2025-01-02T23:57:49.119420,67,61,1381991,42111,25483,2654,6189,13013,8697,2969
2025-01-02T23:57:50.119884,61,66,169192,8935,10484,3248,11490,11838,6450,6681
2025-01-02T23:57:51.119998,51,51,224661,43866,2743,3781,2578,7339,6325,10259
2025-01-02T23:57:52.120693,47,54,59688,66373,27319,23243,38708,22169,7586,4708
2025-01-02T23:57:53.120713,63,48,13773,25218,13735,10585,27061,58183,14420,22644
2025-01-02T23:57:54.120844,51,48,156915,146834,61800,16640,33404,28327,34205,12171
2025-01-02T23:57:55.121627,64,48,92687,9705,1523,1685,6368,10481,5253,486
2025-01-02T23:57:56.122551,78,40,87888,15733,4024,2270,5027,19465,5355,1848
2025-01-02T23:57:57.122723,78,38,580185,37281,11575,11724,28852,64047,15861,4341
2025-01-02T23:57:58.123319,97,29,88392,24902,4661,9066,10199,53390,10402,6521
2025-01-02T23:57:59.123891,97,37,93150,77012,21119,15289,5065,82396,12074,11694
2025-01-02T23:58:00.124405,96,43,16780,37974,18798,17527,9883,55374,18408,5006
2025-01-02T23:58:01.124943,78,35,120212,94375,4023,3212,6264,11657,4085,1116
2025-01-02T23:58:02.125223,74,40,141613,9076,3586,4942,4550,15395,4174,2677
2025-01-02T23:58:03.125276,75,40,345861,70895,35629,8783,31224,104562,10223,5662
2025-01-02T23:58:04.125438,69,35,62320,86232,19359,12622,25827,49106,16541,5544
2025-01-02T23:58:05.126287,81,51,13657,26213,17570,7738,15757,22210,20937,8175
2025-01-02T23:58:06.127085,70,57,144430,10263,10607,5403,9831,7187,7433,2636
2025-01-02T23:58:07.127144,74,61,9359,28970,22715,23299,24006,69765,11854,4075
2025-01-02T23:58:08.127767,78,54,68283,11832,1701,1223,1687,14094,2582,2125
2025-01-02T23:58:09.128295,87,51,69863,18822,6282,12567,19854,37153,26319,11302
2025-01-02T23:58:10.128815,78,30,629321,26271,5013,2666,29782,35466,22506,9228
2025-01-02T23:58:11.129498,69,41,40562,60362,14081,13212,9950,26743,23176,10079
2025-01-02T23:58:12.130143,67,48,2936,6205,5938,34896,21901,40268,21690,4803
2025-01-02T23:58:13.130566,87,43,65169,38524,4854,9580,8736,51863,24661,9923
2025-01-02T23:58:14.131021,88,57,19665,13710,18628,19625,13942,63862,15916,5193
2025-01-02T23:58:15.131190,96,56,8313,24603,13853,10281,24939,35059,16930,4575
2025-01-02T23:58:16.131637,84,50,1421414,165727,24429,45489,16146,49585,23285,17887
2025-01-02T23:58:17.131816,80,57,120120,7753,3404,3902,5049,7826,4135,4625
2025-01-02T23:58:18.132763,70,47,341494,89121,9173,7219,5213,45985,7767,9600
2025-01-02T23:58:19.133511,61,51,105760,19428,7987,9656,8152,9732,2852,1048
2025-01-02T23:58:20.133670,63,54,98231,52207,17830,23997,21413,25745,13854,4323
2025-01-02T23:58:21.133958,56,51,203354,132838,14469,29856,9958,42321,18031,25007
2025-01-02T23:58:22.134845,56,51,203354,132838,14469,29856,9958,42321,18031,25007
2025-01-02T23:58:23.135159,69,56,9146,22104,6310,16688,17835,48408,10726,12255
2025-01-02T23:58:24.135638,67,48,181755,115822,17181,7242,5915,29387,23458,5242
2025-01-02T23:58:25.135926,69,44,160777,54056,7870,6075,12228,23052,17219,10010
2025-01-02T23:58:26.136791,75,44,11833,15647,8081,14744,8738,33046,7828,6169
2025-01-02T23:58:27.137680,66,54,5858,17964,29801,28556,19884,32130,20153,8781
2025-01-02T23:58:28.138250,81,60,117911,9350,8521,1263,4005,20727,3144,1648
2025-01-02T23:58:29.138997,74,77,24278,53354,56750,17789,19552,15499,14590,16169
2025-01-02T23:58:30.139791,63,70,15215,52678,13882,2564,13970,19851,9275,7348
2025-01-02T23:58:31.140468,60,60,471697,50771,5086,15371,22457,19285,23174,5082
2025-01-02T23:58:32.141171,54,66,14230,20679,25629,15030,6824,44208,16899,4135
2025-01-02T23:58:33.141378,53,43,76363,49512,1409,2890,4113,5182,4166,2507
2025-01-02T23:58:34.141712,50,48,297426,146051,74223,11049,44963,46825,30447,13771
2025-01-02T23:58:35.141764,54,51,2822,20491,6726,16691,25656,22622,5693,6929
2025-01-02T23:58:36.142509,53,53,135633,15255,36753,3653,18925,24901,11035,10314
2025-01-02T23:58:37.142892,64,53,103061,34011,1024,2580,2600,14664,1942,803
2025-01-02T23:58:38.143605,69,57,64998,25025,23126,20076,12074,26918,21318,6964
2025-01-02T23:58:39.144154,70,60,23728,27678,6309,22209,17340,33737,16554,2113
2025-01-02T23:58:40.144994,74,56,5803,29233,23286,9539,16355,35006,10687,2299
2025-01-02T23:58:41.145854,78,67,9885,22995,11926,12279,41357,33135,13706,3658
2025-01-02T23:58:42.146450,83,63,1691,15820,17209,9831,24594,26623,13715,5642
2025-01-02T23:58:43.146932,77,61,18744,63025,6213,37409,30804,30216,18072,9659
2025-01-02T23:58:44.147190,66,54,189884,129065,9567,34396,30240,30406,11890,7490
2025-01-02T23:58:45.148111,63,53,8340,52885,13862,5510,15674,37385,13621,10375
2025-01-02T23:58:46.148929,60,54,13988,10426,3044,11086,5836,11970,15508,9822
2025-01-02T23:58:47.149135,56,48,192354,140171,27829,8051,52565,27626,19860,4657
2025-01-02T23:58:48.149627,63,48,21587,39770,8538,8973,10558,26419,7046,4658
2025-01-02T23:58:49.149815,61,53,25224,66521,36681,6891,14928,45890,19543,6766
2025-01-02T23:58:50.149991,69,48,20109,21829,10005,16370,14603,54162,8417,7210
2025-01-02T23:58:51.150774,80,56,13541,30430,24954,14129,22557,42812,13957,9279
2025-01-02T23:58:52.151206,81,50,175285,20236,3586,845,6035,12366,7893,1888
2025-01-02T23:58:53.151626,66,34,100952,460255,20876,9200,14265,36193,22504,17213
2025-01-02T23:58:54.152511,35,29,729178,176758,23267,12596,3586,6621,4269,3726
2025-01-02T23:58:55.153123,30,23,571185,138699,38235,7113,8250,71943,17363,3027
2025-01-02T23:58:56.153473,21,30,209109,223538,62919,16567,20339,45107,79811,4992
2025-01-02T23:58:57.153902,34,54,307682,19570,11848,11859,5171,10651,4347,1285
2025-01-02T23:58:58.154721,30,48,248144,357851,12261,19756,12959,9695,3982,3047
2025-01-02T23:58:59.154814,30,50,67759,34382,7617,11744,13319,21011,28149,5483
2025-01-02T23:59:00.155568,27,61,60572,22703,16280,8572,1700,5058,7224,1657
2025-01-02T23:59:01.156509,38,57,40502,23553,26364,14648,18103,46391,22294,8108
2025-01-02T23:59:02.156955,69,75,23276,10446,25577,8674,14174,55886,19133,3325
2025-01-02T23:59:03.157097,78,77,17403,19423,19033,14121,36635,52728,11647,3599
2025-01-02T23:59:04.157738,77,66,131797,181064,28792,41986,22544,21693,7986,17196
2025-01-02T23:59:05.158559,75,53,24341,51578,3182,9906,12837,41044,16381,10692
2025-01-02T23:59:06.159436,66,44,135597,25971,1117,8779,11779,15780,4345,1266
2025-01-02T23:59:07.159888,56,44,35241,13696,2984,5698,5952,6478,2235,1337
2025-01-02T23:59:08.160504,54,35,107970,57184,5209,2245,6280,4234,3385,815
2025-01-02T23:59:09.160860,61,47,3076,6976,1318,32825,9298,59456,9224,8014
2025-01-02T23:59:10.161650,60,44,53198,51997,9796,5206,24253,26706,23070,3429
2025-01-02T23:59:11.162355,69,38,79676,4845,101,2664,4317,6718,3223,3168
2025-01-02T23:59:12.162513,77,47,69719,27127,5998,3313,3692,5145,3958,1745
2025-01-02T23:59:13.163205,74,38,562610,22564,7933,5189,8869,33273,8251,2634
2025-01-02T23:59:14.164072,75,47,450436,22647,9142,21930,46404,26614,10523,9587
2025-01-02T23:59:15.164558,63,50,127285,10463,1159,4249,10911,3520,3233,869
2025-01-02T23:59:16.165355,67,51,45527,59194,35242,8929,32606,27390,19967,5640
2025-01-02T23:59:17.165749,57,60,66415,41517,26782,13161,31502,24874,10538,3196
2025-01-02T23:59:18.166140,50,63,1140752,52757,12472,28887,12735,14453,13123,5046
2025-01-02T23:59:19.166703,50,77,19500,21713,22782,17442,10563,15779,16506,11066
2025-01-02T23:59:20.167170,54,75,87441,33166,3345,23419,35311,27735,20794,2597
2025-01-02T23:59:21.167943,51,63,284821,98537,10857,4456,12079,23833,10164,5902
2025-01-02T23:59:22.168539,64,60,6752,6783,13137,9717,20244,26895,10708,9348
2025-01-02T23:59:23.168575,66,56,6764,21311,15619,8614,9968,12506,10088,4062
2025-01-02T23:59:24.169026,66,51,101750,27286,12583,1402,26401,17175,12144,5865
2025-01-02T23:59:25.169565,66,74,34573,16484,20564,32637,20211,16830,19678,3683
2025-01-02T23:59:26.169629,61,70,18572,27652,10250,17189,24499,22703,6483,4917
2025-01-02T23:59:27.170050,64,74,24529,20125,33499,24091,28729,34083,7262,9696
2025-01-02T23:59:28.170686,56,87,44386,14699,10455,6817,3173,5524,2626,3603
2025-01-02T23:59:29.171600,63,83,85463,24546,32118,21346,13902,40098,23855,3131
2025-01-02T23:59:30.172317,64,88,10882,21284,31582,11698,15789,30942,11278,4463
2025-01-02T23:59:31.172887,67,80,29663,28869,14393,10169,28001,37076,6957,6058
2025-01-02T23:59:32.173031,74,64,125906,13043,2132,2253,9202,5417,2955,1456
2025-01-02T23:59:33.173687,66,54,67364,10738,724,3829,3436,3362,3287,1772
2025-01-02T23:59:34.174103,61,51,30995,48998,21163,14655,17770,21236,13035,13988
2025-01-02T23:59:35.174691,51,50,113544,23200,3275,4457,3654,7949,5991,955
2025-01-02T23:59:36.174801,56,63,16365,14024,25613,27735,33454,37362,7077,13936
2025-01-02T23:59:37.175245,69,70,7874,6826,34651,15127,10586,58776,30791,27048
2025-01-02T23:59:38.176076,67,60,381688,402407,28027,34615,20772,83085,63240,6180
2025-01-02T23:59:39.176610,63,56,330568,75644,9016,7022,7566,15086,12377,4455
2025-01-02T23:59:40.176867,60,34,735664,261233,4295,15079,18401,92098,25147,5982
2025-01-02T23:59:41.177745,47,30,133795,49346,37423,11966,9896,24736,27599,6955
2025-01-02T23:59:42.178474,60,43,24540,36040,46113,10011,26145,76829,19426,8024
2025-01-02T23:59:43.178685,77,50,734384,28997,21264,15965,12591,70637,13039,11413
2025-01-02T23:59:44.178986,90,67,16670,6282,12087,4898,10710,35258,12096,12345
2025-01-02T23:59:45.179199,94,69,24089,28431,25619,26010,13897,34844,18472,3353
2025-01-02T23:59:46.179908,94,66,17512,32666,23078,10666,26783,61397,11422,7720
2025-01-02T23:59:47.180585,88,50,348789,100414,9564,1597,28274,47093,14056,8071
2025-01-02T23:59:48.180680,74,44,8204,79651,9186,13479,13073,29397,13044,4951
2025-01-02T23:59:49.181254,66,38,374141,73561,32127,13681,27590,23079,15851,8510
2025-01-02T23:59:50.181449,51,40,70757,83157,12939,24258,17636,20628,11440,8764
2025-01-02T23:59:51.182022,47,56,238179,23662,4608,8092,5694,7292,3196,1845
2025-01-02T23:59:52.182895,40,60,37486,10105,1371,4410,6852,2396,4021,777
2025-01-02T23:59:53.183264,50,54,26364,19653,2547,5220,9557,14820,10776,2899
2025-01-02T23:59:54.184120,41,48,61171,32622,4597,2067,2390,3008,4870,2005
2025-01-02T23:59:55.184138,27,47,173297,287187,70817,10856,4268,14484,7990,2919
2025-01-02T23:59:56.184634,27,53,7647,26079,23256,19626,24807,12423,13137,4940
2025-01-02T23:59:57.185269,26,47,341311,123549,6388,13770,13241,60881,19630,10380
2025-01-02T23:59:58.185573,38,53,13929,11709,4854,1912,3533,5519,4530,3427
2025-01-02T23:59:59.186342,61,60,2707,9228,19462,6340,14879,21097,10230,8854
2025-01-03T00:00:00.186601,67,53,215310,25254,13773,11600,24298,19991,16560,3036
2025-01-03T00:00:01.187236,70,64,27347,22695,18979,4683,24008,30007,17474,6959
2025-01-03T00:00:02.187642,78,56,11450,55802,6975,12495,30124,46556,11933,9770
2025-01-03T00:00:03.188045,75,56,9210,20319,28342,15730,31309,27480,22654,7657
2025-01-03T00:00:04.188732,74,53,6656,50841,5875,18798,18650,23164,26900,1763
2025-01-03T00:00:05.189445,64,51,12087,46808,13295,17818,61473,18976,19390,8545
2025-01-03T00:00:06.190013,64,61,3174,11936,7395,32456,57915,32055,17648,4878
2025-01-03T00:00:07.190037,80,51,42572,11123,7105,5604,10222,50132,10697,19493
2025-01-03T00:00:08.190402,83,53,7579,37473,16211,10097,5913,30566,17134,3138
2025-01-03T00:00:09.190479,91,56,19057,18315,16377,9251,17783,26722,15165,7418
2025-01-03T00:00:10.191340,97,56,614446,21069,11565,20103,11757,64965,12291,18359
2025-01-03T00:00:11.191464,87,43,149959,11102,544,531,5701,7313,3483,1989
2025-01-03T00:00:12.192355,87,47,621434,20915,13162,13397,18972,20548,15453,3614
2025-01-03T00:00:13.192538,83,48,13400,51213,27972,23772,24389,39389,6598,6593
2025-01-03T00:00:14.193025,70,56,15952,14338,16278,37661,17219,27989,7913,6436
2025-01-03T00:00:15.193510,67,78,10806,17407,28152,4274,28529,21220,14167,7209
2025-01-03T00:00:16.193883,64,70,10781,54067,14625,4567,8449,22017,8308,6206
2025-01-03T00:00:17.194422,66,75,7060,13199,20512,6464,17347,19666,10106,15264
2025-01-03T00:00:18.194755,66,74,3658,20664,40383,13855,23874,26549,22241,3417
2025-01-03T00:00:19.194970,61,74,4885,44392,24111,20004,25791,21003,9234,3364
2025-01-03T00:00:20.195578,74,69,24414,32729,6932,10795,21846,58366,10364,4793
2025-01-03T00:00:21.195806,74,75,52916,10799,6942,31412,9826,23810,40763,5408
2025-01-03T00:00:22.196175,74,69,27308,24018,23082,14198,28767,23240,13195,8752
2025-01-03T00:00:23.196708,75,54,4819,47866,5358,5788,42748,21903,20712,4743
2025-01-03T00:00:24.197665,67,61,9601,22697,14056,4528,14866,23038,8073,4094
2025-01-03T00:00:25.198505,63,63,46853,9340,10164,18563,12003,8635,8936,11702
2025-01-03T00:00:26.198509,63,50,1340233,178706,30502,7416,48957,74979,25011,7771
2025-01-03T00:00:27.199064,61,60,370686,48399,14939,8411,18105,21605,24550,12742
2025-01-03T00:00:28.199417,56,56,160629,61257,11369,9164,8912,22888,13246,5882
2025-01-03T00:00:29.200295,57,40,185173,118309,12766,23003,23394,45767,25362,3871
2025-01-03T00:00:30.200863,47,53,255298,70503,26877,10362,6135,9594,4095,1075
2025-01-03T00:00:31.200974,41,50,589433,54120,3384,17262,33585,13285,9320,14571
2025-01-03T00:00:32.201768,51,50,14421,37184,11491,11175,17321,49532,9986,5307
2025-01-03T00:00:33.201869,48,48,77647,26326,3479,1775,1953,6826,3421,2476
2025-01-03T00:00:34.202350,56,44,500944,42735,14833,12715,22534,14375,21831,4541
2025-01-03T00:00:35.202519,63,27,111654,19820,403,724,3442,8689,2450,1935
2025-01-03T00:00:36.202968,63,26,10746,17144,1679,8679,10444,22162,21323,6898
2025-01-03T00:00:37.203631,70,40,61336,15985,16368,20713,17465,30402,22607,14413
2025-01-03T00:00:38.204374,83,40,5816,19892,12702,11860,25136,33968,4405,4182
2025-01-03T00:00:39.204389,87,54,11296,45545,4895,14905,17407,49877,15274,8352
2025-01-03T00:00:40.204876,90,47,922158,67288,3008,11367,19085,104652,15083,11161
2025-01-03T00:00:41.205055,88,48,20600,14646,11517,26350,19531,20427,15384,14979
2025-01-03T00:00:42.205600,78,38,1375930,198040,18582,12502,7063,62115,10094,7951
2025-01-03T00:00:43.206540,75,40,532850,89318,21349,16813,16022,58685,12497,6632
2025-01-03T00:00:44.207393,69,54,489247,48204,5290,34651,10081,54650,12231,8039
2025-01-03T00:00:45.208139,69,47,149077,36101,14829,11475,13073,27773,19654,8464
2025-01-03T00:00:46.208166,80,54,3693,29023,6422,15871,12527,38509,16186,7505
2025-01-03T00:00:47.208591,80,56,15617,29280,2591,18421,26418,27489,7876,9208
2025-01-03T00:00:48.209064,77,57,17298,48726,20373,28523,15473,39494,11923,10595
2025-01-03T00:00:49.209341,64,70,815095,51507,20067,91081,15802,14684,19567,3418
2025-01-03T00:00:50.209478,57,74,15475,30643,9604,13285,24880,23633,6580,9605
2025-01-03T00:00:51.209789,56,81,11350,23882,34891,13170,24600,26915,10747,7358
2025-01-03T00:00:52.210694,57,75,109618,50216,21965,3054,13090,37627,31864,7431
2025-01-03T00:00:53.211079,78,67,15162,4648,22351,15443,8453,51021,7193,2372
2025-01-03T00:00:54.211689,74,66,544284,60407,13700,10916,28666,16544,5390,3872
2025-01-03T00:00:55.212068,74,51,167933,78826,15160,6956,37584,44030,20911,9472
2025-01-03T00:00:56.212818,70,54,16897,27233,10133,14377,24026,19909,9007,12287
2025-01-03T00:00:57.213041,64,38,508851,49427,7457,2357,18683,33742,14091,5348
2025-01-03T00:00:58.213958,66,47,10808,26151,25749,18630,26578,16720,11963,14785
2025-01-03T00:00:59.214266,64,56,113941,13530,5666,6379,7065,8803,1966,916
2025-01-03T00:01:00.214754,56,54,284004,22494,2473,8268,3146,5554,3829,1595
2025-01-03T00:01:01.215358,48,69,26531,27009,3861,17987,15100,8401,14220,2584
2025-01-03T00:01:02.215783,56,63,13894,17424,8223,10938,20395,23655,17540,3990
2025-01-03T00:01:03.216246,54,66,16619,36376,26780,15299,15299,23474,8748,2671
2025-01-03T00:01:04.217163,63,75,8173,7549,22721,7838,11168,14957,5913,4599
2025-01-03T00:01:05.217801,64,84,3228,7660,10202,14808,7344,8322,13059,3164
2025-01-03T00:01:06.218486,51,88,2885,41523,20711,11051,21605,10365,4806,2884
2025-01-03T00:01:07.218853,50,90,10931,29762,9464,29834,8696,15115,20339,3817
2025-01-03T00:01:08.219583,44,87,13782,18644,5369,11498,3837,8593,9533,7955
2025-01-03T00:01:09.219697,44,77,28628,55344,13246,16356,3357,19774,7827,4142
2025-01-03T00:01:10.220498,44,78,23538,28205,23450,16264,37108,12236,9608,2302
2025-01-03T00:01:11.221412,54,69,555858,42705,14449,14440,5717,42506,10318,5519
2025-01-03T00:01:12.222186,60,74,22794,16780,20137,34383,17122,33693,9081,8599
2025-01-03T00:01:13.222570,64,81,16517,11365,28356,17784,18139,23247,20093,1692
2025-01-03T00:01:14.222625,74,80,15070,19476,7897,14799,17195,18832,16770,11115
2025-01-03T00:01:15.223471,77,75,113045,11735,3955,1818,4546,13398,8072,1075
