Timestamp,Attention,Meditation,delta,theta,low-alpha,high-alpha,low-beta,high-beta,low-gamma,mid-gamma
2025-01-03T00:26:54.965099,37,50,105836,20716,3741,3026,5734,6356,2138,1388
2025-01-03T00:26:55.965418,40,41,1464880,84906,17611,9765,11816,4324,2553,1261
2025-01-03T00:26:56.966188,44,47,2208872,529161,48058,80513,132515,53394,18623,9265
2025-01-03T00:26:57.966364,44,47,305491,17024,5347,2241,1498,1368,533,140
2025-01-03T00:26:58.966670,30,34,620148,67130,7230,2196,4795,3069,882,483
2025-01-03T00:26:59.966847,14,41,344144,33499,10004,6051,2660,1900,1037,510
2025-01-03T00:27:00.966891,16,53,1466001,98789,79055,38836,26763,10816,3570,2892
2025-01-03T00:27:01.967288,10,61,403504,58108,7961,24209,4444,3501,1485,568
2025-01-03T00:27:02.967479,17,64,166459,76583,14677,1965,16340,9115,2892,2059
2025-01-03T00:27:03.967835,17,48,1655066,1008533,28223,69240,72071,38150,6797,5252
2025-01-03T00:27:04.968470,27,37,813652,56482,4823,12115,5983,10324,3614,1103
2025-01-03T00:27:05.968635,30,35,221690,122409,41825,11518,12938,8743,2568,1289
2025-01-03T00:27:06.968712,23,50,1173068,307464,195766,159755,60208,28721,31747,6714
2025-01-03T00:27:07.969636,30,64,765649,140985,46289,9451,9981,16033,2406,1616
2025-01-03T00:27:08.969888,16,57,205855,212263,20320,8890,12951,7039,2023,1423
2025-01-03T00:27:09.970037,13,44,1590924,208903,18575,6811,6538,9090,2188,1629
2025-01-03T00:27:10.970636,17,41,172408,21471,9467,7058,6244,2706,2931,3374
2025-01-03T00:27:11.971399,4,35,203850,47823,6807,1704,5985,1275,607,1080
2025-01-03T00:27:12.972306,1,40,499144,655399,105057,35331,18921,15146,5460,1948
2025-01-03T00:27:13.973145,3,43,173493,27696,1443,3859,3358,1585,1710,645
2025-01-03T00:27:14.973388,8,44,578581,112880,72568,46831,24514,31631,10995,2731
2025-01-03T00:27:15.973939,24,43,453818,31506,1494,4154,6332,4479,1136,726
2025-01-03T00:27:16.974436,23,29,2210027,970336,10444,42669,23439,17015,8445,6639
2025-01-03T00:27:17.975324,34,35,388499,117155,28815,19105,16843,24111,4876,3251
2025-01-03T00:27:18.975713,16,21,242760,392944,56279,22692,22400,10875,12170,3355
2025-01-03T00:27:19.975935,23,40,141239,3327,2247,2633,1226,1795,754,474
2025-01-03T00:27:20.976502,27,50,178300,153850,20961,4825,18463,5832,2585,1219
2025-01-03T00:27:21.977129,16,50,1379343,466364,138052,20958,17088,26220,11986,3345
2025-01-03T00:27:22.977939,17,47,179211,117915,4388,12735,5071,3458,4278,4158
2025-01-03T00:27:23.978694,7,57,384105,105435,295106,129392,52913,32101,11178,5435
2025-01-03T00:27:24.979390,13,67,245070,191615,87010,15699,9401,20548,18495,2896
2025-01-03T00:27:25.979797,27,64,168431,24987,4068,4232,12397,7292,4532,587
2025-01-03T00:27:26.980405,43,81,608228,120813,87369,37075,39705,29088,13114,6055
2025-01-03T00:27:27.980644,47,61,142238,45895,4997,19024,20208,5949,2513,1737
2025-01-03T00:27:28.981115,44,63,432074,162875,51884,55493,32606,17664,10374,2663
2025-01-03T00:27:29.981541,37,64,738393,174933,37038,21275,39332,19077,6701,6893
2025-01-03T00:27:30.981929,35,60,1584538,48235,25272,8143,19810,7264,2887,2511
2025-01-03T00:27:31.982300,37,70,92350,23610,34043,8241,13559,7123,1321,1819
2025-01-03T00:27:32.983113,34,75,1361467,121040,70207,21689,14237,10456,4577,2707
2025-01-03T00:27:33.983340,34,88,335864,56867,41827,20980,6086,9955,2650,1824
2025-01-03T00:27:34.983499,24,75,201705,386664,30534,19941,20060,15478,5081,6786
2025-01-03T00:27:35.984074,29,61,534932,49086,8743,11356,11751,10200,4923,1408
2025-01-03T00:27:36.984789,35,57,826422,100865,29152,21947,5683,12385,2559,2551
2025-01-03T00:27:37.985329,38,51,447255,187016,124209,48203,108055,51007,12738,13470
2025-01-03T00:27:38.985426,37,64,453782,257302,103510,21112,18264,10500,6414,5620
2025-01-03T00:27:39.985541,29,70,1057920,235422,116233,52447,33814,27666,5156,5053
2025-01-03T00:27:40.986510,34,77,421709,56476,37449,18900,10212,12857,2520,867
2025-01-03T00:27:41.986740,26,80,97658,69355,48548,22287,13639,11063,2368,3725
2025-01-03T00:27:42.987317,24,67,714335,152653,14158,8175,7938,3765,1025,828
2025-01-03T00:27:43.987337,27,50,87108,91769,3210,7960,15347,10138,6295,1705
2025-01-03T00:27:44.987785,11,38,42076,65825,13476,2624,2629,1773,1062,257
2025-01-03T00:27:45.988800,7,24,40630,26559,5523,1076,2137,1590,357,249
2025-01-03T00:27:46.988861,11,47,33561,99198,105981,49084,30925,11006,8794,3895
2025-01-03T00:27:47.989126,7,56,1799894,145952,28015,12465,12721,10170,4017,2859
2025-01-03T00:27:48.989351,26,63,31208,47723,34237,5272,10474,15365,12147,4276
2025-01-03T00:27:49.989397,27,67,596193,226686,39176,55837,38586,16215,12274,9673
2025-01-03T00:27:50.990324,37,69,133204,18989,22437,12228,4611,5001,2180,1048
2025-01-03T00:27:51.990645,47,77,207884,44055,36068,4215,18002,13087,3391,1830
2025-01-03T00:27:52.991405,38,64,64083,110675,11823,7831,4088,12178,1460,2640
2025-01-03T00:27:53.991786,43,60,138240,52101,11206,2995,2942,6818,3139,1637
2025-01-03T00:27:54.991981,40,44,639470,310647,86934,6062,24756,26309,16189,5707
2025-01-03T00:27:55.992305,23,38,129980,68332,15802,6375,4462,2080,1235,534
2025-01-03T00:27:56.992923,16,50,46074,22317,7102,4175,1654,1456,1148,467
2025-01-03T00:27:57.993542,14,48,831917,609882,58780,48246,22943,55018,10553,3060
2025-01-03T00:27:58.994256,29,50,130016,10847,4931,2065,4421,5538,495,628
2025-01-03T00:27:59.995205,35,51,2113268,199815,56748,16587,10644,13389,3547,3079
2025-01-03T00:28:00.996899,37,47,639075,67536,15350,3473,4179,4039,2004,454
2025-01-03T00:28:01.997403,44,67,112027,6158,16678,6337,4557,4943,1556,2002
2025-01-03T00:28:02.998258,37,66,174584,35607,4556,9303,4311,6602,3574,2487
2025-01-03T00:28:03.998763,43,83,174124,6396,18020,1606,1754,2787,1446,811
2025-01-03T00:28:04.999184,53,77,568720,58513,610,8609,12147,10384,1791,818
2025-01-03T00:28:05.999392,61,66,204243,12587,4698,5847,1614,7905,2398,929
2025-01-03T00:28:06.999577,60,75,701600,43368,38150,5883,10171,8632,2079,1340
2025-01-03T00:28:07.999690,57,63,97106,28078,16040,8342,7363,3973,2677,1889
2025-01-03T00:28:09.000415,47,63,137805,40091,4395,1813,2692,2112,443,301
2025-01-03T00:28:10.000766,40,48,92729,48704,4845,2348,9982,8416,5475,2843
2025-01-03T00:28:11.001343,38,41,1281456,75174,12766,19532,15723,9988,2208,1295
2025-01-03T00:28:12.001536,37,43,2663195,224009,169075,54241,80287,31845,17485,12061
2025-01-03T00:28:13.002330,30,51,670300,104682,27948,10710,10790,3347,3323,1432
2025-01-03T00:28:14.002891,24,74,707595,162477,155803,66663,30505,31430,14862,13150
2025-01-03T00:28:15.002897,17,69,59152,31500,3491,3959,2072,1554,1133,466
2025-01-03T00:28:16.003676,20,63,685618,54133,12330,12789,15085,6826,4763,903
2025-01-03T00:28:17.003883,34,64,222614,21075,3510,9515,6253,3332,1802,983
2025-01-03T00:28:18.004811,30,53,1515813,207000,67772,21027,14874,24848,15826,6978
2025-01-03T00:28:19.004902,47,51,62283,14613,1848,2063,5982,3792,956,588
2025-01-03T00:28:20.004991,41,48,350097,417988,68670,45188,19105,30804,8324,5653
2025-01-03T00:28:21.005691,37,40,128370,67731,10914,2881,3073,4183,1493,840
2025-01-03T00:28:22.006137,29,34,629718,126797,21087,3903,22098,6641,2277,1304
2025-01-03T00:28:23.007089,23,40,110780,105028,35313,11570,5780,13165,2993,1396
2025-01-03T00:28:24.007925,24,29,97369,17790,999,635,995,1430,397,371
2025-01-03T00:28:25.008473,40,29,98572,5065,911,843,1909,1761,803,188
2025-01-03T00:28:26.008890,51,43,123672,38130,28696,15183,10657,14019,2547,1071
2025-01-03T00:28:27.009327,48,47,675960,64137,28076,10599,11977,5406,1770,690
2025-01-03T00:28:28.009442,51,64,324925,59525,24864,9429,11897,9729,2070,714
2025-01-03T00:28:29.009503,27,61,1021047,103055,10147,4351,4525,2731,3662,2408
2025-01-03T00:28:30.010110,24,57,2811691,212949,134464,40622,96581,42815,14826,10553
2025-01-03T00:28:31.010245,26,51,230234,13943,3472,1091,2417,1145,438,213
2025-01-03T00:28:32.010426,30,40,665020,70107,3773,9970,11189,15431,2944,1826
2025-01-03T00:28:33.010665,44,53,977849,52673,61971,3236,63410,11182,9999,3961
2025-01-03T00:28:34.011378,48,47,113071,12476,5421,1910,13609,3495,4762,1410
2025-01-03T00:28:35.012169,40,44,58814,330828,69785,6853,18562,8594,2704,841
2025-01-03T00:28:36.013090,27,56,1051913,116764,62590,16093,26902,9571,3168,2151
2025-01-03T00:28:37.013575,21,51,2630698,209874,52663,27712,26967,12539,6518,1799
2025-01-03T00:28:38.014084,14,56,527201,84257,37524,9249,17944,12262,3270,2494
2025-01-03T00:28:39.014430,29,66,1608462,187627,114411,35220,30729,36260,7775,5022
2025-01-03T00:28:40.015299,50,63,752139,5168,1184,2580,1764,3976,2198,255
2025-01-03T00:28:41.016131,53,66,2505757,111993,12342,43701,17612,11282,4804,2842
2025-01-03T00:28:42.016525,56,64,157061,27140,9097,3908,2865,5146,744,468
2025-01-03T00:28:43.017237,44,57,1627408,1360006,245010,191899,66921,50298,8499,5147
2025-01-03T00:28:44.017956,34,51,250311,77495,10943,6400,10435,12758,4033,1990
2025-01-03T00:28:45.018450,30,53,127732,13224,5475,2832,3406,1185,690,466
2025-01-03T00:28:46.018578,30,56,176648,69097,17941,21165,7332,12646,1644,1419
2025-01-03T00:28:47.018954,47,47,499339,195624,10436,17470,15314,32346,8847,3110
2025-01-03T00:28:48.019622,44,48,2214845,297123,35843,42133,49312,41750,38322,8894
2025-01-03T00:28:49.020497,50,50,151104,44681,30280,7638,13177,8878,2682,2216
2025-01-03T00:28:50.021311,53,44,284221,47761,13527,6695,9052,11314,7946,11946
2025-01-03T00:28:51.021992,44,64,932072,286076,295070,43939,43702,32797,8932,6884
2025-01-03T00:28:52.022795,48,66,243148,18559,3901,2607,3232,4424,1679,545
2025-01-03T00:28:53.023728,41,64,111200,55978,19322,9300,10750,4073,1534,605
2025-01-03T00:28:54.023847,35,64,454526,118414,25016,15726,8251,12310,4033,1505
2025-01-03T00:28:55.024162,30,60,1192064,87740,44243,18395,8716,6184,2329,2777
2025-01-03T00:28:56.024438,14,56,143977,127431,4513,22943,21431,4949,4160,1798
2025-01-03T00:28:57.025209,14,44,1378098,1075247,65938,65279,74851,57981,26061,10411
2025-01-03T00:28:58.026128,7,41,3159467,564382,101982,24735,23225,19270,4876,4043
2025-01-03T00:28:59.026890,11,40,172069,91684,59615,3896,3592,11140,2217,2461
2025-01-03T00:29:00.026941,24,50,698428,16720,6558,5660,4364,4083,990,386
2025-01-03T00:29:01.027576,40,63,458054,33102,14747,4231,4140,11278,4013,659
2025-01-03T00:29:02.027580,54,66,395147,60681,17381,7176,11583,12508,1697,1861
2025-01-03T00:29:03.028179,40,54,247668,39132,3609,3775,1995,694,715,150
2025-01-03T00:29:04.028522,38,51,94574,15098,3632,2891,1761,2313,471,242
2025-01-03T00:29:05.029182,20,47,304188,110433,20678,14321,7513,4211,3125,760
2025-01-03T00:29:06.029838,14,43,55180,26581,5736,946,1665,3172,772,185
2025-01-03T00:29:07.030097,40,61,293891,69290,83504,49829,16242,39431,9495,2469
2025-01-03T00:29:08.030939,37,70,1038568,25429,29142,5961,6682,5505,4309,1658
2025-01-03T00:29:09.031267,48,70,1566399,430744,51966,47614,58031,56683,14020,3642
2025-01-03T00:29:10.031900,40,63,247878,53614,25848,5611,11635,6262,1670,1412
2025-01-03T00:29:11.032312,38,53,296347,67974,17956,8875,3919,7415,4580,1513
2025-01-03T00:29:12.032366,34,50,175381,64021,11849,4233,4578,4434,4671,904
2025-01-03T00:29:13.032998,29,47,105952,77851,6623,4958,9148,5162,4775,1384
2025-01-03T00:29:14.033792,17,34,201932,329821,29891,7817,13538,9126,1343,1055
2025-01-03T00:29:15.034251,14,27,484985,327735,32537,35826,3690,24395,10994,5121
2025-01-03T00:29:16.034546,20,37,458882,72678,34398,15440,8817,11607,3332,463
2025-01-03T00:29:17.035313,43,48,15631,25431,12428,26527,20807,52465,7202,5459
2025-01-03T00:29:18.036121,48,54,525519,136979,31582,6320,11107,6890,2803,2863
2025-01-03T00:29:19.037053,56,57,491208,82310,24483,4080,10289,17573,718,616
2025-01-03T00:29:20.038008,67,61,1452219,89039,82005,66472,48527,62283,17942,5475
2025-01-03T00:29:21.038251,47,67,220009,7348,5761,1244,990,1061,442,198
2025-01-03T00:29:22.039058,43,69,244356,113519,31903,9700,8341,4779,2939,1495
2025-01-03T00:29:23.039838,26,56,1058818,487030,31969,5254,8876,13882,16416,2804
2025-01-03T00:29:24.040291,10,51,108824,63381,25507,8034,6750,4213,2716,1330
2025-01-03T00:29:25.040410,1,38,545145,84175,10570,5257,2507,3187,1547,542
2025-01-03T00:29:26.041055,16,40,55301,13214,4608,2030,1545,2844,809,436
2025-01-03T00:29:27.041835,26,53,78507,27464,5500,3794,2032,2742,647,783
2025-01-03T00:29:28.042465,20,44,93442,167561,23666,9635,14310,5421,3002,932
2025-01-03T00:29:29.043013,27,48,139851,16012,1931,3026,2872,1582,788,78
2025-01-03T00:29:30.043908,14,51,349343,82543,30220,26588,10961,4867,1569,988
2025-01-03T00:29:31.044673,10,50,280534,11685,2046,1596,964,624,235,68
2025-01-03T00:29:32.045424,20,53,174911,118166,17562,20030,6522,11729,3988,2155
2025-01-03T00:29:33.046069,23,54,127930,103920,20705,12022,19594,16982,13657,5275
2025-01-03T00:29:34.046980,27,40,1097789,379793,27593,24128,42204,22941,8993,16005
2025-01-03T00:29:35.047629,34,44,1196039,50152,17016,15296,5260,5938,3929,1857
2025-01-03T00:29:36.048198,37,37,193498,97324,6690,9126,13975,12885,4005,1394
2025-01-03T00:29:37.048799,35,34,1734147,293251,30291,22956,23952,32061,10702,6016
2025-01-03T00:29:38.048960,41,40,752355,47174,11983,2839,6681,6671,772,986
2025-01-03T00:29:39.049392,53,53,7921,10368,34498,24120,7438,15772,8826,3534
2025-01-03T00:29:40.049946,41,50,260738,250136,10737,16048,8942,8954,5033,583
2025-01-03T00:29:41.050595,37,57,690186,252203,88939,18425,12826,23068,13595,6591
2025-01-03T00:29:42.051077,24,51,468480,63175,675,8378,6041,2059,691,406
2025-01-03T00:29:43.051191,17,29,739580,158159,26276,7962,21290,17125,14903,5850
2025-01-03T00:29:44.051553,20,27,290618,61711,3236,3117,2077,2851,762,227
2025-01-03T00:29:45.051749,10,14,327412,133541,4817,9851,4449,3322,1246,903
2025-01-03T00:29:46.052454,16,10,43769,21804,518,1280,2759,1532,637,386
2025-01-03T00:29:47.052974,21,17,100251,37146,12574,9756,5349,8315,2836,1103
2025-01-03T00:29:48.053439,38,24,395091,99097,12535,12078,39557,33471,24020,7396
2025-01-03T00:29:49.053693,53,41,99349,6754,4329,2738,2439,1522,589,343
2025-01-03T00:29:50.054561,48,50,1038478,70985,8987,4266,3315,3549,1373,1137
2025-01-03T00:29:51.055080,37,54,494610,17440,10460,7144,8263,1510,1762,426
2025-01-03T00:29:52.056018,17,44,1013231,335264,15848,4653,6162,14052,6423,2592
2025-01-03T00:29:53.056849,20,30,38114,14590,2331,719,1288,2402,782,227
2025-01-03T00:29:54.057605,26,40,440958,51509,16957,9867,18963,6366,2701,2803
2025-01-03T00:29:55.058304,38,41,35561,5274,4563,1148,775,1368,365,489
2025-01-03T00:29:56.059237,41,54,589875,582439,78150,71224,21820,42309,9286,12723
2025-01-03T00:29:57.059583,35,74,1137702,227359,177455,89900,23263,35324,17412,19832
2025-01-03T00:29:58.059995,34,74,756046,98476,27321,14265,8755,9297,2371,1935
2025-01-03T00:29:59.060374,44,60,42883,57726,5061,16654,9896,30764,5469,7212
2025-01-03T00:30:00.060454,37,48,176679,92701,4891,1862,2879,2433,1145,171
2025-01-03T00:30:01.060637,30,41,1119133,280838,142710,25126,12793,15897,12194,3124
2025-01-03T00:30:02.061144,40,44,1147700,27787,16772,8370,8298,9124,2771,804
2025-01-03T00:30:03.062053,27,61,299905,39090,36765,21905,5935,10839,2116,1547
2025-01-03T00:30:04.062399,40,80,322511,14220,6073,853,1900,1719,940,624
2025-01-03T00:30:05.063145,51,70,87224,16622,3160,1755,2099,3016,1163,67
2025-01-03T00:30:06.064075,35,61,111227,150350,9264,25631,17193,5299,3244,620
2025-01-03T00:30:07.064726,24,54,238796,11675,5073,2523,959,832,376,254
2025-01-03T00:30:08.065061,35,56,963514,160737,100044,52335,65250,69157,11359,18958
2025-01-03T00:30:09.065974,35,56,298866,45931,2530,2460,1984,1224,470,244
2025-01-03T00:30:10.066579,24,57,150894,24385,2701,4728,1375,1583,1161,183
2025-01-03T00:30:11.066843,37,64,279812,50692,14977,10991,8472,7366,4800,771
2025-01-03T00:30:12.067758,41,57,79393,154353,46641,8758,15354,15341,3418,2148
2025-01-03T00:30:13.068551,26,53,650077,73075,8812,13790,5271,3651,1190,458
2025-01-03T00:30:14.069507,40,51,255901,145489,32526,21520,35759,45690,14557,6663
2025-01-03T00:30:15.069855,34,37,264210,130776,2649,10017,10164,6454,4760,526
2025-01-03T00:30:16.070800,27,23,233357,52319,2508,3097,2255,2941,1113,307
2025-01-03T00:30:17.071582,38,24,219330,189841,51282,34716,63578,32656,6622,2951
2025-01-03T00:30:18.071633,30,24,133623,156616,34453,20449,41695,20763,2862,2951
2025-01-03T00:30:19.072444,30,24,362079,16349,6004,2516,1982,2133,461,418
2025-01-03T00:30:20.072943,35,43,71494,10527,3199,4369,2232,1141,500,120
2025-01-03T00:30:21.073070,44,51,156759,65167,6006,8380,4188,11371,3276,629
2025-01-03T00:30:22.073996,29,51,470157,198543,38619,18668,7501,6171,1462,1557
2025-01-03T00:30:23.074085,21,47,80288,98091,1308,16178,6492,4870,1522,1577
2025-01-03T00:30:24.074699,27,35,160541,214647,43681,8527,34273,44693,7350,3941
2025-01-03T00:30:25.074837,14,43,242647,94404,30692,10937,3290,4613,2846,1508
2025-01-03T00:30:26.075747,17,48,235091,89878,19590,22417,1315,4876,4280,1111
2025-01-03T00:30:27.076192,29,56,160308,29620,8326,18248,26747,7048,5292,2512
2025-01-03T00:30:28.076994,14,50,576082,406531,19965,12149,12012,14185,2566,1888
2025-01-03T00:30:29.077021,34,53,1119869,86141,12952,106383,69336,47254,9987,23088
2025-01-03T00:30:30.077913,34,53,354486,15564,3369,3242,947,1327,445,294
2025-01-03T00:30:31.078692,37,53,196283,50076,18048,11501,3965,4335,8133,1891
2025-01-03T00:30:32.079091,30,54,120824,79731,46262,5310,12473,9936,3755,1098
2025-01-03T00:30:33.079642,35,69,63919,132562,42405,9643,13869,7941,1985,2173
2025-01-03T00:30:34.079645,21,69,1740496,298599,80840,126390,58299,28329,12628,5738
2025-01-03T00:30:35.079833,17,64,274210,100270,26879,9383,10982,6060,3350,799
2025-01-03T00:30:36.079913,20,56,1193104,36012,5978,6064,5734,3919,980,692
2025-01-03T00:30:37.080778,30,69,152330,15037,10760,32879,13483,8639,2996,2258
2025-01-03T00:30:38.081065,30,64,552719,80704,25626,6958,11217,6310,1377,632
2025-01-03T00:30:39.081639,35,74,97077,8490,4922,1904,785,870,213,284
2025-01-03T00:30:40.082042,27,57,169188,118150,6502,2395,11491,6025,1719,2030
2025-01-03T00:30:41.082989,26,43,1180460,313327,70072,30712,50375,48776,9645,3496
2025-01-03T00:30:42.083342,34,27,765981,239708,15502,8425,23466,40076,16932,4033
2025-01-03T00:30:43.083516,34,26,2916077,103510,27613,47420,26801,7691,4777,3004
2025-01-03T00:30:44.083567,38,34,277922,87952,11279,1818,12275,7681,4698,681
2025-01-03T00:30:45.083868,44,43,188115,34066,44457,12244,20026,19613,13034,8114
2025-01-03T00:30:46.084672,34,43,1225258,767362,21172,41114,65541,30848,6282,10446
2025-01-03T00:30:47.084980,40,48,661067,111891,37526,157989,78444,31334,19583,6562
2025-01-03T00:30:48.085325,40,54,961642,47950,7679,6048,5410,4688,951,789
2025-01-03T00:30:49.086058,26,51,151012,138606,57755,19377,13724,10388,2617,2110
2025-01-03T00:30:50.086829,29,67,2085023,167979,40622,31342,5468,14428,4124,2548
2025-01-03T00:30:51.087538,23,51,225649,127714,18756,9609,17641,8088,3643,1468
2025-01-03T00:30:52.087947,34,51,173132,233183,77188,25685,90350,74471,13691,2832
2025-01-03T00:30:53.087990,35,48,752764,228087,40348,34800,11699,17249,9507,6665
2025-01-03T00:30:54.088871,48,38,191008,9696,641,1383,613,2698,624,522
2025-01-03T00:30:55.089672,54,40,223598,77375,15266,4044,3438,9894,2354,1670
2025-01-03T00:30:56.090134,57,37,157822,23493,2269,5231,5518,11801,1557,2393
2025-01-03T00:30:57.090471,63,29,543802,59689,7310,3082,9395,6603,2536,827
2025-01-03T00:30:58.091271,53,40,453494,174163,38072,63389,18147,25116,27776,5478
2025-01-03T00:30:59.091535,43,40,121731,219299,34298,15554,10371,10155,3570,1377
2025-01-03T00:31:00.092283,26,37,1456721,253390,7392,25630,18761,18134,10265,4531
2025-01-03T00:31:01.092723,16,29,85318,38013,1417,1467,1556,1209,860,902
2025-01-03T00:31:02.093496,16,23,1042404,38230,7446,5333,8422,4317,1388,500
2025-01-03T00:31:03.094171,29,37,499786,43499,27888,26469,14136,14193,5197,7233
2025-01-03T00:31:04.094868,29,29,272702,69686,4007,1060,10250,4349,2448,803
2025-01-03T00:31:05.095725,40,44,365622,88626,14903,15982,3653,12063,2006,1264
2025-01-03T00:31:06.096171,37,44,254409,130858,39699,3826,35858,10972,8015,2384
2025-01-03T00:31:07.096940,34,38,1171540,34686,9426,9279,5920,5462,1189,831
2025-01-03T00:31:08.097713,51,54,332934,13371,4378,4057,4913,8543,2858,2068
2025-01-03T00:31:09.097811,38,40,239371,69022,3600,1894,3479,1742,822,503
2025-01-03T00:31:10.098082,40,47,102405,329658,30748,151779,8407,41259,5209,4107
2025-01-03T00:31:11.098512,38,40,346442,358878,16985,82946,43116,33437,26085,12297
2025-01-03T00:31:12.098772,26,40,274736,56824,19955,5755,9536,10517,5460,1391
2025-01-03T00:31:13.098912,44,63,350553,44338,32429,4366,2737,11520,2751,1579
2025-01-03T00:31:14.099204,43,53,344218,27710,4718,2746,7120,2699,2049,1674
2025-01-03T00:31:15.099397,44,57,337096,61984,18037,8494,8088,7344,2898,6150
2025-01-03T00:31:16.100255,41,50,363512,325162,31964,20191,15066,32507,11004,6361
2025-01-03T00:31:17.100319,30,41,166611,158890,39420,10140,5056,8226,3057,1098
2025-01-03T00:31:18.100858,35,43,41574,16449,3614,1453,1825,2161,690,344
2025-01-03T00:31:19.101624,29,43,843035,133520,40459,8532,7235,10152,5724,1989
2025-01-03T00:31:20.102260,26,50,893653,65908,15738,7499,4689,5645,1534,491
2025-01-03T00:31:21.102530,24,48,114779,51581,11440,1019,2019,2227,452,497
2025-01-03T00:31:22.103283,24,40,354281,46374,2849,3336,5995,6004,2633,521
2025-01-03T00:31:23.103445,24,48,121047,20008,14863,1099,2437,1728,1046,192
2025-01-03T00:31:24.103535,41,60,30454,19737,68957,5785,21844,38942,26507,4357
2025-01-03T00:31:25.103621,44,60,186647,149746,27865,9386,10391,8585,1934,1643
2025-01-03T00:31:26.104451,51,74,540088,38598,22562,4616,11511,18341,3816,1015
2025-01-03T00:31:27.104860,61,60,677845,25735,5394,899,1980,4787,1108,463
2025-01-03T00:31:28.105073,40,44,232131,38796,7434,2648,791,1703,1036,264
2025-01-03T00:31:29.105516,38,29,334051,53524,1309,1579,1796,2209,1316,717
2025-01-03T00:31:30.106243,23,20,2332017,366786,14809,46876,33536,24252,8939,5128
2025-01-03T00:31:31.107103,26,16,544637,196090,14774,22831,23202,47073,7682,5675
2025-01-03T00:31:32.107439,26,24,210236,297077,107012,65105,34412,21006,7750,5866
2025-01-03T00:31:33.107697,40,44,201662,9851,3862,1246,2805,2182,595,652
2025-01-03T00:31:34.107754,41,41,248415,135264,15173,3120,8735,10682,4542,1495
2025-01-03T00:31:35.108446,37,48,1067120,293350,44398,49345,50882,44187,5816,11613
2025-01-03T00:31:36.109188,50,41,121578,18473,4201,4731,9110,4508,1163,892
2025-01-03T00:31:37.110018,53,44,159413,6748,3370,2918,3935,2702,923,277
2025-01-03T00:31:38.110673,57,47,186090,54976,4027,5460,5258,7611,2832,923
2025-01-03T00:31:39.111422,53,60,86656,51691,56835,21314,13968,10120,9694,6489
2025-01-03T00:31:40.111710,53,61,316478,7256,2183,2067,4563,1667,521,262
2025-01-03T00:31:41.111964,44,48,266962,8182,268,838,886,842,291,193
2025-01-03T00:31:42.112464,27,48,3435091,425013,52194,12376,35147,9820,4133,4769
2025-01-03T00:31:43.112960,30,26,126617,60796,6279,2757,5057,7942,3489,2949
2025-01-03T00:31:44.113505,40,24,529661,39210,24032,6146,47865,24662,13506,8998
2025-01-03T00:31:45.113547,30,35,1658563,271178,75215,20869,11847,12597,12074,3692
2025-01-03T00:31:46.114238,43,38,2049922,396721,50842,45616,49526,34756,22525,5053
2025-01-03T00:31:47.114249,38,50,32301,29070,9982,6129,5454,3000,1053,421
2025-01-03T00:31:48.114289,16,56,280418,402035,150846,100199,56623,23292,16678,9700
2025-01-03T00:31:49.115170,23,51,1559958,815182,85527,71266,58199,70201,17364,9205
2025-01-03T00:31:50.115766,21,38,1134426,601765,25836,13385,46632,32927,11427,5913
2025-01-03T00:31:51.116675,23,43,644416,259581,186460,56738,41541,44689,11139,2629
2025-01-03T00:31:52.117222,34,38,2511356,561628,91097,128607,63840,73847,18493,14833
2025-01-03T00:31:53.117603,29,63,1933953,162848,314384,47742,10751,28981,17936,3411
2025-01-03T00:31:54.117931,37,69,838597,204799,16544,12783,15682,29227,12812,6929
2025-01-03T00:31:55.118794,34,50,57043,44872,3060,1102,4627,2839,397,206
2025-01-03T00:31:56.119705,27,47,206325,42876,7995,6690,12408,3133,1744,3183
2025-01-03T00:31:57.120491,27,38,358522,48509,38693,10024,4686,5390,2281,1323
2025-01-03T00:31:58.120504,17,37,235360,88006,7561,1793,8968,3622,1048,1610
2025-01-03T00:31:59.121219,16,53,198151,79599,26151,11292,2245,6115,2308,2225
2025-01-03T00:32:00.121351,11,41,141341,126198,5667,5853,1587,4269,5442,1963
2025-01-03T00:32:01.121632,10,37,2236276,124616,64389,11770,16310,8427,3723,2219
2025-01-03T00:32:02.122146,11,40,58829,58288,9802,929,12525,3562,943,2230
2025-01-03T00:32:03.122331,10,27,96550,161915,14557,6334,7671,6983,1822,3470
2025-01-03T00:32:04.122753,11,30,67923,30855,3607,848,1323,1544,628,380
2025-01-03T00:32:05.122762,7,24,324836,185206,14959,33368,8523,6036,2210,4984
2025-01-03T00:32:06.123419,11,35,440723,154786,34310,45340,15982,17583,6432,5663
2025-01-03T00:32:07.124018,21,53,268397,44967,26774,23725,14526,11581,4257,1169
2025-01-03T00:32:08.124671,24,51,430975,160653,10980,10555,7551,12028,5815,3281
2025-01-03T00:32:09.125390,29,40,107752,79401,2626,4009,10791,3807,1703,3279
2025-01-03T00:32:10.125962,37,35,287367,66038,8784,10766,10307,11977,2355,1131
2025-01-03T00:32:11.126505,29,30,3850205,187968,103668,23240,40556,19391,5966,3004
2025-01-03T00:32:12.126575,24,37,729935,123804,17131,14462,26098,6400,8846,2361
2025-01-03T00:32:13.127110,30,61,991477,46224,40486,12948,8278,8366,3066,1023
2025-01-03T00:32:14.127489,27,67,507174,205383,85473,25731,16642,25836,9802,5305
2025-01-03T00:32:15.128381,23,60,153006,61385,11424,4136,3975,2849,2407,682
2025-01-03T00:32:16.129240,24,63,967555,76296,14817,11322,6936,4071,3072,1618
2025-01-03T00:32:17.129899,21,50,2741474,584918,25348,134238,121027,44286,22793,12544
2025-01-03T00:32:18.130366,7,37,96819,59817,6278,1250,3517,1155,1217,305
2025-01-03T00:32:19.130486,20,34,42687,37653,4135,4464,6661,6468,2727,1447
2025-01-03T00:32:20.130498,20,30,160437,68319,8438,10095,2104,3393,1288,513
2025-01-03T00:32:21.130855,17,27,158980,119027,3688,14999,10703,7114,2009,2249
2025-01-03T00:32:22.131332,24,41,182995,32787,14332,2886,3018,1718,1685,645
2025-01-03T00:32:23.131644,21,44,450317,313615,87271,25396,67320,44472,12906,11108
2025-01-03T00:32:24.132171,29,50,1945489,149462,44800,35637,13928,23290,1882,4269
2025-01-03T00:32:25.132272,48,60,839518,57348,30606,11668,23505,33305,11177,4273
2025-01-03T00:32:26.132381,60,54,1140381,434382,44726,96848,43388,62141,11262,7530
2025-01-03T00:32:27.132391,57,63,2764613,292283,180496,36477,32568,37950,17716,10188
2025-01-03T00:32:28.132718,60,53,1131459,98828,12647,8937,8818,14762,3941,1528
2025-01-03T00:32:29.133370,40,41,45172,42628,3722,1660,1213,1990,661,146
2025-01-03T00:32:30.133997,27,40,391439,115437,21286,9181,23701,4800,3229,2551
2025-01-03T00:32:31.134207,24,29,1001090,582584,89159,43537,90507,31919,9726,7451
2025-01-03T00:32:32.134577,16,34,429745,47660,9195,5801,6109,3355,1475,1116
2025-01-03T00:32:33.135095,30,40,701716,37654,9986,4214,10932,10415,6290,1851
2025-01-03T00:32:34.135348,48,50,629362,47111,20331,25879,22770,19183,8945,5331
2025-01-03T00:32:35.135870,56,54,59333,29077,7425,5855,5175,4663,1216,272
2025-01-03T00:32:36.136713,66,41,98314,11108,556,273,994,1685,489,400
2025-01-03T00:32:37.136811,56,50,189462,214697,104238,32141,53071,24526,10114,7669
2025-01-03T00:32:38.137144,48,44,289222,21972,7993,2093,2437,2950,1140,477
2025-01-03T00:32:39.137591,44,43,10813,13130,3741,1494,2390,1564,432,256
2025-01-03T00:32:40.138093,41,56,1443151,274114,55848,31215,40317,39244,11105,2375
2025-01-03T00:32:41.138317,43,50,233940,21573,653,5527,2560,2107,596,527
2025-01-03T00:32:42.139147,41,54,140252,41937,13572,15071,2964,5731,2076,1338
2025-01-03T00:32:43.139341,40,50,534121,54069,4814,7878,7339,4861,1036,1195
2025-01-03T00:32:44.139511,48,54,469050,10243,3477,3816,2450,4148,763,337
2025-01-03T00:32:45.140324,51,54,1886512,126244,29511,9277,25620,18508,6142,5122
2025-01-03T00:32:46.140903,57,56,66405,3186,372,3639,1437,1058,2865,869
2025-01-03T00:32:47.141651,51,60,188808,195776,31782,24085,10229,9574,1881,1461
2025-01-03T00:32:48.141690,38,63,49311,22477,16482,1522,1923,2131,1601,396
2025-01-03T00:32:49.141728,38,60,191270,20895,1883,2364,5205,3289,1262,388
2025-01-03T00:32:50.141984,38,48,215863,43892,5623,10356,12853,7834,1879,1761
2025-01-03T00:32:51.142984,51,48,202677,64772,14925,9175,20409,13922,3322,1454
2025-01-03T00:32:52.143942,61,43,16304,57321,12960,18686,15027,13009,11976,2127
2025-01-03T00:32:53.144405,57,47,188805,81135,10892,8825,2125,9024,1950,1228
2025-01-03T00:32:54.145351,50,38,816522,91885,1289,9409,4796,5868,2185,1517
2025-01-03T00:32:55.145363,43,41,214275,54921,3465,19193,9213,6291,2431,2239
2025-01-03T00:32:56.146310,38,48,189454,28884,17545,9209,3593,5065,3153,2006
2025-01-03T00:32:57.147080,38,56,83570,20624,6451,8749,3946,3101,782,772
2025-01-03T00:32:58.147100,34,69,2007136,387655,133621,35917,47264,21659,11260,12530
2025-01-03T00:32:59.147550,34,61,885659,194521,28214,6951,10295,16650,19687,4663
2025-01-03T00:33:00.148234,30,66,183741,31380,34572,24945,15673,6779,3671,1880
2025-01-03T00:33:01.148792,29,61,592373,55782,17381,3198,4183,6310,2359,1080
2025-01-03T00:33:02.149602,35,60,1106612,31871,10730,2219,6165,2417,1341,637
2025-01-03T00:33:03.149918,30,61,233977,45887,916,8445,2112,3001,3308,1432
2025-01-03T00:33:04.150552,29,51,140666,99647,25075,19886,4937,7316,2853,1701
2025-01-03T00:33:05.151010,24,51,28305,56284,12830,7463,5791,3836,1830,1912
2025-01-03T00:33:06.151874,17,34,1359440,912023,23226,33475,5652,28779,19016,9868
2025-01-03T00:33:07.152199,29,41,217682,25339,4934,9865,6461,6480,5500,896
2025-01-03T00:33:08.152626,29,26,65229,55922,3003,3395,2872,3293,810,131
2025-01-03T00:33:09.152734,48,38,56780,5344,3597,9161,2093,6009,5821,1359
2025-01-03T00:33:10.152952,48,56,110698,105816,28707,14446,8469,4834,2846,574
2025-01-03T00:33:11.153542,38,44,554633,356144,18929,23604,8696,25026,14652,3868
2025-01-03T00:33:12.153770,30,47,1295571,950480,105507,17846,25139,27862,10713,12524
2025-01-03T00:33:13.154080,21,43,510691,18008,10682,6191,5430,4765,3420,738
2025-01-03T00:33:14.154162,27,44,139600,107174,23929,30611,16468,8517,3088,654
2025-01-03T00:33:15.154577,23,54,561292,97461,24903,13790,14369,5075,5671,2326
2025-01-03T00:33:16.155518,34,74,857074,38601,36266,12479,14201,5667,5246,1814
2025-01-03T00:33:17.155526,14,78,246183,64081,50812,24411,10195,3304,1576,1761
2025-01-03T00:33:18.155940,14,75,256196,204000,57832,23280,26419,15304,15484,5719
2025-01-03T00:33:19.156256,30,78,710929,24168,10565,7191,6225,7664,10629,862
2025-01-03T00:33:20.156819,26,67,148441,98785,11333,18384,7794,5139,1262,913
2025-01-03T00:33:21.157493,44,53,1034050,28841,3994,6886,11548,4680,1474,469
2025-01-03T00:33:22.158187,54,60,163918,33110,23992,6449,7489,10359,4412,973
2025-01-03T00:33:23.158225,48,63,754094,44106,38866,15961,20498,10709,5212,1403
2025-01-03T00:33:24.158739,61,57,187426,71057,9872,4579,8380,12936,3839,2018
2025-01-03T00:33:25.158839,51,54,617760,158629,11144,13757,11129,8411,5790,4030
2025-01-03T00:33:26.159473,40,43,992126,308107,46902,16166,6705,15487,7833,1935
2025-01-03T00:33:27.159498,30,30,2184729,149014,23325,12163,15388,10119,8693,4835
2025-01-03T00:33:28.159547,20,41,71331,37518,11806,6830,1075,2117,4218,1748
2025-01-03T00:33:29.159967,23,41,1942596,125617,6932,16570,17639,11153,8049,2692
2025-01-03T00:33:30.160255,27,34,80514,26180,2563,731,8820,2488,846,239
2025-01-03T00:33:31.161072,29,53,188861,22930,23947,18098,922,4073,4247,831
2025-01-03T00:33:32.161817,40,41,84153,11216,1337,867,1042,1486,1596,384
2025-01-03T00:33:33.162119,40,51,170460,55086,11735,14299,3744,5815,3885,1293
2025-01-03T00:33:34.162363,29,40,156481,24886,3305,4559,5983,3384,1287,509
2025-01-03T00:33:35.162944,14,47,1690748,677529,86292,122744,49346,21895,9827,13321
2025-01-03T00:33:36.163297,8,34,710670,604365,30685,33035,7900,25411,10016,15398
2025-01-03T00:33:37.163328,35,44,381202,68778,62358,22481,25191,40173,20167,4312
2025-01-03T00:33:38.163826,30,44,677869,521071,95849,49148,49162,47495,19635,5603
2025-01-03T00:33:39.164462,40,50,119284,83233,37484,9082,12415,7199,3326,2503
2025-01-03T00:33:40.164711,38,60,1292832,116870,34351,6179,6899,4722,2056,1162
2025-01-03T00:33:41.165547,26,57,1028884,70065,27910,22701,20079,10735,3295,1805
2025-01-03T00:33:42.165878,27,69,993172,47840,4897,39756,6473,7639,4019,5462
2025-01-03T00:33:43.166028,37,69,428411,215220,122431,20836,13367,40868,18619,2836
2025-01-03T00:33:44.166306,37,78,875534,72529,38182,19689,8128,4263,4291,1369
2025-01-03T00:33:45.166421,43,74,102299,9607,2755,1276,2622,2300,598,795
2025-01-03T00:33:46.166773,41,63,488429,80644,11110,12877,3402,7366,1852,1303
2025-01-03T00:33:47.167388,38,61,1779513,217700,64522,59658,24265,24873,18377,10099
2025-01-03T00:33:48.167742,41,51,863978,150353,34356,9130,5918,7743,2150,732
2025-01-03T00:33:49.168664,26,40,149690,225757,6495,15812,2717,10981,3107,1622
2025-01-03T00:33:50.168826,27,38,697132,237574,28692,32205,18637,24957,8079,6917
2025-01-03T00:33:51.168993,35,38,226885,48957,19872,10782,10248,12282,2595,1508
2025-01-03T00:33:52.169784,41,47,54949,9139,6827,851,3606,1594,377,219
2025-01-03T00:33:53.170386,47,60,123620,84194,26540,8135,7352,7243,2399,1687
2025-01-03T00:33:54.171227,50,66,1612169,227677,76678,29751,37998,39724,14945,8335
2025-01-03T00:33:55.171868,47,70,46890,60663,32339,40431,19830,14824,7260,2774
2025-01-03T00:33:56.172025,37,57,906592,179165,10161,14820,3209,6992,2419,840
2025-01-03T00:33:57.172921,50,66,486076,110625,172236,37334,58069,65725,10922,14803
2025-01-03T00:33:58.173654,50,74,1175120,105344,28503,93707,55418,25674,11850,11918
2025-01-03T00:33:59.174268,38,53,177825,176228,17418,4049,4139,6804,2507,1253
2025-01-03T00:34:00.174654,40,64,197510,82833,34358,9352,10752,4760,1064,789
2025-01-03T00:34:01.175460,38,51,70849,10588,1774,2167,3034,3281,460,814
2025-01-03T00:34:02.176356,38,40,1581905,114303,12890,16810,16254,14576,7247,1820
2025-01-03T00:34:03.176539,41,54,426739,102891,47181,15159,8814,7812,1298,2048
2025-01-03T00:34:04.176550,48,51,266844,95585,19637,13286,12417,9822,4951,2075
2025-01-03T00:34:05.177369,27,60,286295,115492,49532,18621,18376,6022,4365,654
2025-01-03T00:34:06.177601,21,67,1485038,40864,18642,4853,7767,3543,1581,560
2025-01-03T00:34:07.178210,24,64,587802,30651,10166,5332,5033,3528,5375,452
2025-01-03T00:34:08.178689,21,51,417174,101374,3533,4645,6902,5235,4042,2095
2025-01-03T00:34:09.179442,27,50,406452,66147,25082,4010,4812,5956,3769,2503
2025-01-03T00:34:10.179772,40,48,35181,38804,14039,14661,17898,11504,9305,8229
2025-01-03T00:34:11.180443,40,44,123543,11201,2434,1290,1588,1045,890,447
2025-01-03T00:34:12.180772,40,57,238700,72250,21497,8935,12721,5473,2324,2248
2025-01-03T00:34:13.180997,43,57,438828,25311,10137,3667,4183,3164,1582,525
2025-01-03T00:34:14.181679,38,64,1375157,29178,25369,7082,7245,6432,1912,947
2025-01-03T00:34:15.182552,34,63,237406,84078,11624,12781,2387,5114,996,335
2025-01-03T00:34:16.183049,24,44,92487,88603,2761,1932,4027,2030,467,392
2025-01-03T00:34:17.183851,17,37,653100,754280,49422,86611,49268,30647,16875,13376
2025-01-03T00:34:18.184766,11,27,470609,86028,11084,19285,5168,6354,6694,2164
2025-01-03T00:34:19.184790,23,29,221009,5209,990,1100,1062,1055,591,219
2025-01-03T00:34:20.185306,30,47,717750,71670,4962,14489,2638,5505,2049,1568
2025-01-03T00:34:21.185419,30,51,30406,16022,5000,1486,3869,829,988,369
2025-01-03T00:34:22.185689,35,53,859679,152942,44666,31222,29814,16070,16069,3308
2025-01-03T00:34:23.186405,27,44,396881,50418,4987,3141,5927,4500,3129,1661
2025-01-03T00:34:24.186987,35,50,2877404,158452,91933,11666,42666,33753,22895,8650
2025-01-03T00:34:25.187367,43,40,681659,173880,6506,13084,7836,15393,3191,4846
2025-01-03T00:34:26.187563,50,37,23534,16948,2525,4428,3239,2680,1703,309
2025-01-03T00:34:27.188072,50,54,1123516,33194,33612,6718,9050,6003,2543,1032
2025-01-03T00:34:28.188501,38,57,86284,15304,10501,1109,3664,1101,1060,352
2025-01-03T00:34:29.188841,30,74,952988,441603,161795,69388,41231,30857,21501,8450
2025-01-03T00:34:30.189533,26,75,890981,100727,19327,17604,7300,9329,3648,3217
2025-01-03T00:34:31.190160,26,67,97730,73217,26902,16274,18262,7657,2448,1620
2025-01-03T00:34:32.190213,24,53,114805,55435,4854,3627,3995,2406,850,1095
2025-01-03T00:34:33.191071,23,53,195182,19635,6334,5605,2216,1384,3045,378
2025-01-03T00:34:34.191761,23,47,2989443,298791,27502,21821,9261,23186,6726,4850
2025-01-03T00:34:35.192710,24,47,846926,53677,7004,22903,10582,6785,2400,1412
2025-01-03T00:34:36.193012,35,51,216496,159473,14543,30608,19590,20448,8484,4654
2025-01-03T00:34:37.193558,48,34,155279,77196,3867,4163,14176,12314,3735,525
2025-01-03T00:34:38.193974,57,43,122733,29042,11096,5477,2865,8086,3222,1561
2025-01-03T00:34:39.194652,57,43,334323,33659,2188,3415,1564,973,744,445
2025-01-03T00:34:40.194662,56,29,51966,19646,1239,1173,2377,1427,953,146
2025-01-03T00:34:41.194816,56,37,124816,29782,12630,3794,2586,5445,1956,1892
2025-01-03T00:34:42.195075,61,60,36210,17251,8340,59930,53459,21294,13524,5266
2025-01-03T00:34:43.195144,54,54,125853,38290,8909,3709,2713,4060,1255,490
2025-01-03T00:34:44.195635,40,57,3728708,1252051,105805,103707,70993,23684,11892,8631
2025-01-03T00:34:45.196039,41,51,226882,45601,8009,7101,5221,8964,3291,2012
2025-01-03T00:34:46.196327,37,57,137820,21587,46452,20437,12995,11370,10684,577
2025-01-03T00:34:47.196366,27,53,1954870,761709,73438,48057,41195,31916,22474,6615
2025-01-03T00:34:48.196937,40,57,299003,107009,32272,2784,13608,6778,4370,798
2025-01-03T00:34:49.197503,41,69,48842,11462,11787,2313,4197,4073,1169,351
2025-01-03T00:34:50.198325,34,51,206942,51639,8938,7125,6651,4754,1092,768
2025-01-03T00:34:51.199136,41,67,470234,167942,216108,37705,92853,33672,21254,4480
2025-01-03T00:34:52.199610,53,67,2226782,53272,13881,10503,19263,10589,6394,1639
2025-01-03T00:34:53.200290,50,61,52969,16410,3236,3481,1913,2887,1081,643
2025-01-03T00:34:54.200672,48,61,345313,78455,11844,12961,8831,5702,4097,1140
2025-01-03T00:34:55.201359,47,51,164191,53121,6107,13160,9788,5302,3320,1442
2025-01-03T00:34:56.201730,38,43,69688,15115,1313,1145,1476,1010,699,308
2025-01-03T00:34:57.201877,34,43,95478,97117,23729,9241,6008,11082,6962,2459
2025-01-03T00:34:58.202479,50,38,13450,48513,7144,10770,34805,19484,21648,3125
2025-01-03T00:34:59.202677,54,34,386270,36027,4013,3994,6378,5743,7410,1025
2025-01-03T00:35:00.203591,56,44,1135806,47694,5209,22892,10331,4675,2463,1039
2025-01-03T00:35:01.204063,48,48,69198,28809,7688,5426,1249,1597,436,449
2025-01-03T00:35:02.204724,30,60,520013,93201,67470,11267,14707,8650,2135,5393
2025-01-03T00:35:03.205089,34,63,156949,82927,18528,6134,4950,16180,5152,3843
2025-01-03T00:35:04.206036,23,57,1032021,158403,29253,14080,6469,4090,1418,1623
2025-01-03T00:35:05.206463,17,53,839789,258282,50599,16596,13905,7578,5858,1398
2025-01-03T00:35:06.206779,29,35,143622,12870,848,856,2601,2625,695,287
2025-01-03T00:35:07.207430,21,37,248134,100468,29479,5263,6436,8811,6174,2198
2025-01-03T00:35:08.207513,29,50,2562482,761463,691720,95553,61493,69512,12742,5148
2025-01-03T00:35:09.207885,35,48,374708,432699,78000,17962,10681,24159,4100,3251
2025-01-03T00:35:10.208833,29,60,160770,10693,1635,3232,3822,1705,1011,174
2025-01-03T00:35:11.209718,24,54,108935,39924,8315,1230,8613,1918,1270,828
2025-01-03T00:35:12.209917,40,50,817922,82078,39690,42042,18887,34373,12620,4373
2025-01-03T00:35:13.210869,41,51,160407,12257,2250,749,785,666,376,369
2025-01-03T00:35:14.211149,37,50,51610,9518,2927,339,1022,892,701,579
2025-01-03T00:35:15.211794,43,51,123760,72629,9793,10645,10610,7938,7152,1732
2025-01-03T00:35:16.211924,21,47,260270,172981,37459,20860,4451,5526,2626,1869
2025-01-03T00:35:17.212522,38,53,650448,46450,4983,28374,13003,18029,10204,5961
2025-01-03T00:35:18.213112,40,51,647023,128959,27446,1180,3071,12326,1876,2900
2025-01-03T00:35:19.213320,38,57,415155,253025,126921,19119,18961,32142,4113,5663
2025-01-03T00:35:20.213525,61,54,122054,43043,9176,7905,11584,12436,2125,2845
2025-01-03T00:35:21.214037,44,67,297097,37442,69120,8874,2877,5404,4212,1772
2025-01-03T00:35:22.214263,47,67,85425,56652,11196,3995,8317,6718,4328,2317
2025-01-03T00:35:23.214912,51,66,192150,30102,11416,7850,8212,6973,2441,1287
2025-01-03T00:35:24.215604,51,69,108396,66699,9178,20511,13411,19761,2893,1983
2025-01-03T00:35:25.216367,47,51,829977,63995,14564,4585,2883,2008,1631,890
2025-01-03T00:35:26.216886,41,53,1479167,352375,82470,24240,55466,30320,17692,6480
2025-01-03T00:35:27.217243,35,56,61418,49821,13599,24454,1941,6092,5270,936
2025-01-03T00:35:28.217351,26,60,58660,13152,5086,1606,2071,1839,508,286
2025-01-03T00:35:29.217688,50,66,1262643,68366,50210,18639,23340,32883,13973,5031
2025-01-03T00:35:30.217950,48,57,367594,539300,27117,39831,41630,29183,12246,4444
2025-01-03T00:35:31.218194,50,50,167786,79944,11355,15421,10702,9167,8030,2094
2025-01-03T00:35:32.218742,50,50,526817,230868,69699,38313,14714,32033,10208,4924
2025-01-03T00:35:33.219678,44,43,193455,63570,9068,13771,10859,13496,3361,476
2025-01-03T00:35:34.220294,57,56,40533,118577,51349,17858,10996,33908,26417,5597
2025-01-03T00:35:35.220886,53,44,423235,66360,4847,1778,4258,3264,4614,2342
2025-01-03T00:35:36.221403,53,37,151886,49252,4782,6575,8151,6021,2872,1567
2025-01-03T00:35:37.222081,30,35,3283980,614372,130465,24097,34047,14480,29608,2652
2025-01-03T00:35:38.222749,26,34,112214,218200,52300,54021,28545,33291,19408,33541
2025-01-03T00:35:39.223526,23,37,297532,65687,5536,1850,3073,1919,1254,1217
2025-01-03T00:35:40.224045,30,43,31315,4914,646,2574,2980,1874,1140,677
2025-01-03T00:35:41.224315,44,57,161061,55040,53968,18069,4771,11291,5472,382
2025-01-03T00:35:42.225104,27,41,256629,733444,22279,37211,79009,18344,11381,5489
2025-01-03T00:35:43.225514,37,54,1521587,199426,79273,31108,25639,19498,20064,4283
2025-01-03T00:35:44.225560,24,40,43979,13572,365,958,1790,1051,420,619
2025-01-03T00:35:45.226137,34,29,764102,44743,12324,15459,21459,12874,3009,1389
2025-01-03T00:35:46.226452,51,53,542419,36224,25560,17030,4005,11639,3399,1823
2025-01-03T00:35:47.227155,50,51,109624,96602,6443,28768,2098,7443,1739,3419
2025-01-03T00:35:48.227663,60,61,31859,9767,1100,2103,2406,2669,2514,140
2025-01-03T00:35:49.228255,54,61,466351,264890,100410,21550,33786,34346,12075,3063
2025-01-03T00:35:50.228864,41,54,174136,77204,34086,6732,12645,4308,2013,377
2025-01-03T00:35:51.229145,56,60,182738,7174,8770,1402,5584,4190,1572,717
2025-01-03T00:35:52.229817,43,60,1695977,99098,20728,1738,5053,6188,3397,933
2025-01-03T00:35:53.229905,47,66,67302,48022,26965,22221,5861,13339,16552,8908
2025-01-03T00:35:54.230197,57,67,106199,26760,6030,13425,7775,5489,3407,1381
2025-01-03T00:35:55.230688,35,56,1188709,112230,13158,9227,3112,3488,3068,1820
2025-01-03T00:35:56.231076,37,57,212359,14920,1648,2476,1890,1327,1065,318
2025-01-03T00:35:57.231499,44,53,2704377,89194,48722,39835,78855,50938,24697,2776
2025-01-03T00:35:58.232158,47,53,446690,43385,14626,24598,11090,11307,4100,1470
2025-01-03T00:35:59.232230,54,60,165399,65153,7138,21514,18907,5173,1343,1468
2025-01-03T00:36:00.232707,48,54,300274,115058,12042,6909,3282,4686,1798,1508
2025-01-03T00:36:01.233322,26,40,1897055,326143,15902,11682,12684,12020,11627,6957
2025-01-03T00:36:02.233323,13,34,74236,74980,10227,12783,9482,3501,2823,939
2025-01-03T00:36:03.234093,4,29,64740,34543,8133,2664,2751,1272,944,1108
2025-01-03T00:36:04.234871,8,47,732586,156338,110470,14039,17484,14482,28287,6764
2025-01-03T00:36:05.235276,21,67,342469,35303,19104,17177,8783,8930,3940,2893
2025-01-03T00:36:06.235791,27,63,2810699,207420,22427,18401,6264,15307,3975,1926
2025-01-03T00:36:07.235978,38,66,2072574,312922,128677,5722,24406,33974,20958,3918
2025-01-03T00:36:08.236912,43,48,897300,350381,34664,6692,13209,36243,23447,7395
2025-01-03T00:36:09.237456,40,35,48926,63637,3214,13583,13581,6767,2384,4161
2025-01-03T00:36:10.237515,37,43,1710090,624654,96681,153805,53579,36346,39206,14020
2025-01-03T00:36:11.237607,37,41,529145,43551,9838,4707,1913,4863,1221,516
2025-01-03T00:36:12.238387,27,50,1432807,561884,102957,68807,63648,26898,19062,18767
2025-01-03T00:36:13.238571,29,63,225962,7846,3254,5027,1702,1779,328,234
2025-01-03T00:36:14.238693,29,56,546968,114680,24832,2371,6805,6362,5719,1167
2025-01-03T00:36:15.238820,27,66,166327,14422,11165,3145,2969,1978,329,367
2025-01-03T00:36:16.239411,34,69,888225,31957,9914,4907,7058,2828,1743,1216
2025-01-03T00:36:17.240245,20,56,1003781,276400,55203,10871,8082,9342,2460,2002
2025-01-03T00:36:18.240338,27,57,79225,9366,1004,1940,1243,1268,989,465
2025-01-03T00:36:19.240435,37,51,1578107,159854,57541,26977,28293,39132,20665,9441
2025-01-03T00:36:20.241286,29,50,1095979,56877,14721,4927,6166,2436,1931,1534
2025-01-03T00:36:21.241867,47,48,61992,58140,10029,5635,5059,11335,3540,453
2025-01-03T00:36:22.242153,34,54,1323232,560818,280787,37795,69653,25932,9604,4807
2025-01-03T00:36:23.242612,29,47,794300,299812,53668,3860,8850,36247,7531,4662
2025-01-03T00:36:24.242971,43,54,758978,229904,159734,72332,76844,53223,18608,11318
2025-01-03T00:36:25.243350,51,57,396030,39549,14900,5051,6231,18969,3478,1294
2025-01-03T00:36:26.243906,64,63,891895,356069,206584,93304,11765,68182,10422,3475
2025-01-03T00:36:27.244595,54,64,104330,51824,6209,6170,2512,2402,864,646
2025-01-03T00:36:28.245169,53,51,299501,81702,13065,4278,25688,9224,3522,1189
2025-01-03T00:36:29.245986,40,47,292914,100631,12122,15770,9732,12716,7308,3343
2025-01-03T00:36:30.246000,26,30,31271,57105,4801,4361,1523,1816,1016,221
2025-01-03T00:36:31.246199,29,16,328461,331092,11842,5466,9734,17523,1473,1350
2025-01-03T00:36:32.247074,26,17,609638,704691,70186,79839,54993,58020,10214,4924
2025-01-03T00:36:33.247926,20,21,218137,21614,3599,3500,1362,1663,381,351
2025-01-03T00:36:34.248446,35,27,124738,19100,2943,3922,4436,2727,1108,624
2025-01-03T00:36:35.249365,41,41,531349,614932,84610,46214,39626,70787,13791,4455
2025-01-03T00:36:36.249776,38,47,913684,42725,6812,11222,8165,2896,1836,628
2025-01-03T00:36:37.249982,34,44,178434,187679,27062,17526,13274,8327,1603,2026
2025-01-03T00:36:38.250681,26,47,170352,76656,23473,6645,10612,6231,1949,2340
2025-01-03T00:36:39.251378,24,44,104859,22039,1800,2353,1376,1934,1677,1097
2025-01-03T00:36:40.251807,51,47,42285,28313,22323,6405,18731,35664,18410,3203
2025-01-03T00:36:41.252438,67,47,133786,40869,7905,5525,6630,13154,4206,1117
2025-01-03T00:36:42.253283,84,47,370774,21755,8974,3125,5319,9484,3474,1023
2025-01-03T00:36:43.253819,84,56,319714,99132,24404,56564,41779,14502,20947,35188
2025-01-03T00:36:44.254440,54,48,174662,509114,52162,27289,26120,22081,31459,6850
2025-01-03T00:36:45.255187,38,44,1190120,478560,35330,64759,51600,22328,17072,11195
2025-01-03T00:36:46.256047,21,47,456878,269963,65758,44226,32199,19608,10091,18697
2025-01-03T00:36:47.256650,30,56,1886563,87742,222270,68389,25582,87547,20080,13139
2025-01-03T00:36:48.256987,51,57,1007769,133663,22276,11319,31647,41655,11378,5822
2025-01-03T00:36:49.257555,70,64,40004,59506,17344,12222,7348,25208,14748,2494
2025-01-03T00:36:50.257727,77,56,28943,82117,1514,13353,14660,7983,8326,5070
2025-01-03T00:36:51.258511,78,43,285127,88883,40733,13955,26242,33035,22204,7121
2025-01-03T00:36:52.259219,63,50,1303779,226792,74364,20668,14588,17352,26844,36237
2025-01-03T00:36:53.259681,50,56,282212,129826,124986,3246,32470,23659,14281,10136
2025-01-03T00:36:54.259754,66,69,48639,7277,8380,9006,11753,11729,5186,3863
