Timestamp,Attention,Meditation,delta,theta,low-alpha,high-alpha,low-beta,high-beta,low-gamma,mid-gamma
2025-01-03T00:46:33.456034,54,53,107338,8574,704,759,2922,1595,1000,1029
2025-01-03T00:46:34.456404,56,44,69283,24455,74,3249,2786,4177,3883,954
2025-01-03T00:46:35.457033,63,54,25250,7962,7618,26450,11561,9419,4241,6620
2025-01-03T00:46:36.457563,77,53,5766,27353,9843,12163,12192,18041,13734,2363
2025-01-03T00:46:37.457781,83,70,17765,11254,38180,4404,9586,17680,8469,2808
2025-01-03T00:46:38.457962,91,84,27138,11232,11604,5085,6601,11017,5050,2846
2025-01-03T00:46:39.458497,93,75,97982,19904,6705,6828,14906,9793,13419,4215
2025-01-03T00:46:40.458934,81,81,85404,15850,4910,11178,1882,3311,1294,1097
2025-01-03T00:46:41.459813,77,75,50502,25825,3662,14216,4881,8727,7840,3619
2025-01-03T00:46:42.460732,66,57,110023,56803,3531,2693,5630,8486,3995,1418
2025-01-03T00:46:43.461471,69,66,77540,24559,29411,19070,9487,25370,10920,12892
2025-01-03T00:46:44.461933,64,60,84103,165223,67860,10479,17103,14340,10258,3049
2025-01-03T00:46:45.462053,70,53,212826,20612,2659,3662,2516,11558,921,430
2025-01-03T00:46:46.462930,56,57,1939801,817311,114720,51955,73955,29352,4099,14072
2025-01-03T00:46:47.463363,44,43,84291,46077,3977,1848,4783,4632,759,350
2025-01-03T00:46:48.463873,54,43,39125,31752,14779,7379,9668,9710,11323,11642
2025-01-03T00:46:49.464792,30,56,85073,41193,27290,25151,9108,3557,2164,1147
2025-01-03T00:46:50.465386,50,64,278114,9223,7175,1025,5362,3598,3357,1580
2025-01-03T00:46:51.466248,48,87,41468,14276,17080,13322,1687,3473,5868,2286
2025-01-03T00:46:52.466733,50,90,333578,10381,9533,5906,8430,4982,9228,1709
2025-01-03T00:46:53.466873,57,80,781517,102273,3625,30887,11040,13235,41141,17655
2025-01-03T00:46:54.467197,60,78,157437,14719,6189,2324,4247,6523,2643,2532
2025-01-03T00:46:55.467372,69,63,11353,28706,4059,10571,16815,9581,16651,7961
2025-01-03T00:46:56.468179,77,57,4236,35448,12280,8122,5436,21888,17604,1793
2025-01-03T00:46:57.469058,75,47,697739,130249,3078,6199,5121,10445,3866,2433
2025-01-03T00:46:58.469077,74,44,267098,108419,35327,10236,9257,32440,5846,6403
2025-01-03T00:46:59.469886,67,50,229985,39472,17315,14290,9006,10117,19338,8758
2025-01-03T00:47:00.470603,69,48,40841,39681,13655,4137,10975,29368,20051,4928
2025-01-03T00:47:01.470712,78,61,417348,115964,42405,16166,16093,28400,34693,8789
2025-01-03T00:47:02.470813,57,50,238927,86070,2828,4259,11687,2684,7014,2491
2025-01-03T00:47:03.471512,63,41,354942,60608,11719,5477,18682,17265,10448,7707
2025-01-03T00:47:04.472380,56,54,78553,12797,29479,7671,7496,11621,9167,3802
2025-01-03T00:47:05.472446,54,60,302324,54718,29775,36244,27347,17021,9435,3817
2025-01-03T00:47:06.472641,64,64,113997,17346,1042,1319,628,1609,292,167
2025-01-03T00:47:07.472781,60,75,405871,24782,18941,4692,3929,6026,6446,3316
2025-01-03T00:47:08.473162,47,63,157280,50596,11097,9746,7756,4195,2421,1811
2025-01-03T00:47:09.473893,26,50,425685,346893,36478,10500,17094,6980,4758,947
2025-01-03T00:47:10.474238,27,48,781787,77457,7298,2792,10401,7800,3647,3088
2025-01-03T00:47:11.474582,23,35,448662,48604,2769,4352,2548,4298,6683,1846
2025-01-03T00:47:12.474921,21,35,146676,264772,37240,49412,28179,15818,23453,5043
2025-01-03T00:47:13.475154,47,48,150030,28931,12031,18910,8630,13832,13809,2962
2025-01-03T00:47:14.476631,61,84,13649,5046,10605,26334,6476,10295,5630,2902
2025-01-03T00:47:15.477526,74,83,5095,24032,9281,1465,12299,5419,3464,2421
2025-01-03T00:47:16.477801,75,81,8305,37416,5859,27497,9139,18923,11561,1699
2025-01-03T00:47:17.478122,81,78,7460,22758,19265,8945,20039,15545,9188,2810
2025-01-03T00:47:18.478182,78,61,861124,79072,18487,4907,2648,20135,19998,5616
2025-01-03T00:47:19.478390,78,61,861124,79072,18487,4907,2648,20135,19998,5616
2025-01-03T00:47:20.479164,74,54,67324,145018,3772,14846,15896,11702,6872,7868
2025-01-03T00:47:21.479714,43,40,285675,37729,1553,1751,1287,521,416,93
2025-01-03T00:47:22.479904,35,47,56334,77868,40347,11927,12061,11870,5658,5860
2025-01-03T00:47:23.480525,17,41,890833,203052,44300,16461,29500,16738,8270,3257
2025-01-03T00:47:24.481599,24,57,22348,24266,9447,30680,13416,8650,15099,6316
2025-01-03T00:47:25.482477,53,70,49603,24370,2158,22879,13715,12826,8503,6634
2025-01-03T00:47:26.482595,51,75,113373,24167,14753,9714,2227,3279,3975,1087
2025-01-03T00:47:27.482730,56,78,99885,77931,18146,16101,10819,11825,12601,17814
2025-01-03T00:47:28.483551,67,67,69680,17550,3820,2954,3474,11232,3676,1401
2025-01-03T00:47:29.484241,66,67,28360,36376,16192,20172,9704,14254,4949,4866
2025-01-03T00:47:30.485048,83,70,600161,11830,27984,23557,12700,26471,7262,2910
2025-01-03T00:47:31.485102,91,80,482148,10610,20220,19333,11174,12654,10447,4940
2025-01-03T00:47:32.485495,75,83,138357,103679,7288,39497,23738,15264,11631,3743
2025-01-03T00:47:33.485692,78,77,5521,40113,6614,12246,12281,14437,7336,3575
2025-01-03T00:47:34.486491,70,67,23621,30831,5538,10672,9023,9286,5793,4437
2025-01-03T00:47:35.486682,64,66,175674,52978,62059,6626,9600,13409,6506,1908
2025-01-03T00:47:36.487097,74,66,12361,25753,9027,6668,8952,10954,6273,807
2025-01-03T00:47:37.487422,63,74,44924,31595,8262,21172,19121,5274,5702,3777
2025-01-03T00:47:38.487586,61,77,163058,60500,40277,17124,25149,20895,7182,2459
2025-01-03T00:47:39.488174,66,75,187834,17626,15689,20948,25982,10490,8545,2763
2025-01-03T00:47:40.489054,66,74,63123,40450,7888,17560,21840,15361,9690,1510
2025-01-03T00:47:41.489322,61,60,85113,38285,2308,2521,4839,2458,2088,421
2025-01-03T00:47:42.489729,54,53,710200,87896,9218,19429,26819,9891,3210,1133
2025-01-03T00:47:43.490651,41,37,499174,645450,30655,29044,44522,31795,22849,9163
2025-01-03T00:47:44.491146,29,38,680957,39524,11514,5212,6110,3978,5340,1385
2025-01-03T00:47:45.491271,41,48,17718,67146,27493,7087,18776,16959,8626,1999
2025-01-03T00:47:46.491626,50,50,5900,34060,7623,9512,15636,11128,7527,1392
2025-01-03T00:47:47.491829,60,66,7153,31201,11080,24198,14042,8985,4461,3945
2025-01-03T00:47:48.492299,70,66,20399,36800,23934,9028,38353,20136,4860,2712
2025-01-03T00:47:49.492680,67,64,59400,71626,19180,5272,10764,12209,7612,1472
2025-01-03T00:47:50.493154,69,69,34305,15508,10267,10037,6502,8524,3100,4161
2025-01-03T00:47:51.494065,70,75,10731,19860,37586,10566,12306,10587,9269,1706
2025-01-03T00:47:52.494646,54,70,395355,341086,90883,10557,20791,22390,16731,9714
2025-01-03T00:47:53.495318,63,77,587150,34880,17637,13991,16599,21010,10834,3437
2025-01-03T00:47:54.496160,53,74,80514,17182,6538,3480,3559,2139,1609,501
2025-01-03T00:47:55.497039,44,60,1587041,752303,146924,38784,60192,64300,7707,13597
2025-01-03T00:47:56.497792,56,54,768874,324795,48313,15362,60788,56697,13409,2747
2025-01-03T00:47:57.498603,53,53,261722,29833,5565,26014,36486,13278,10372,10762
2025-01-03T00:47:58.498975,37,51,328397,152959,40851,10369,8042,3051,1717,1004
2025-01-03T00:47:59.499849,38,50,495673,83597,7454,10660,5811,8938,4895,1730
2025-01-03T00:48:00.500576,50,57,98053,6125,2487,3721,4005,6148,1016,1298
2025-01-03T00:48:01.500612,53,56,28133,36022,9569,9207,4293,15727,3582,2369
2025-01-03T00:48:02.500919,83,61,191584,27890,23980,3854,10961,16447,3146,2988
2025-01-03T00:48:03.501648,91,60,18324,73487,9728,5712,14082,15778,13704,2891
2025-01-03T00:48:04.502579,66,51,212377,145067,14305,6199,6493,7129,2080,438
2025-01-03T00:48:05.502881,60,53,91407,92200,25550,26451,14216,18577,6244,880
2025-01-03T00:48:06.503486,60,54,14253,21033,19081,11615,10947,16235,7121,4789
2025-01-03T00:48:07.504075,53,69,10368,39079,16473,47766,14351,9947,5763,2365
2025-01-03T00:48:08.504186,70,67,43522,52017,4524,3747,13867,16140,2730,1744
2025-01-03T00:48:09.504226,61,63,167983,37763,9095,2295,5233,2746,1935,310
2025-01-03T00:48:10.505008,57,61,43814,27746,20661,15771,26729,14293,10350,5591
2025-01-03T00:48:11.505569,54,43,1117839,445577,34985,25623,90956,35558,12330,9198
2025-01-03T00:48:12.506389,50,54,703625,25932,9379,7188,10710,6545,1523,1107
2025-01-03T00:48:13.507307,48,60,247079,22985,7626,5129,2225,1738,1334,375
2025-01-03T00:48:14.507426,53,57,30872,28861,22476,3351,11322,19760,3921,4624
2025-01-03T00:48:15.507924,61,70,8932,23683,6638,24480,17203,9258,11461,2320
2025-01-03T00:48:16.508170,60,74,337719,106741,68655,14171,40194,23521,14805,5188
2025-01-03T00:48:17.508861,70,74,33188,89734,45892,4224,9343,24137,6187,2087
2025-01-03T00:48:18.509495,48,67,16763,16330,2911,1183,1932,617,224,235
2025-01-03T00:48:19.509756,48,66,6708,23099,7508,19136,19258,9868,4548,2365
2025-01-03T00:48:20.510487,48,61,9443,55253,16023,9454,17154,9594,8083,1906
2025-01-03T00:48:21.510733,57,57,18828,11778,1126,9044,17963,9147,7664,2170
2025-01-03T00:48:22.511148,91,60,15665,4375,2456,8461,14405,15397,9574,9024
2025-01-03T00:48:23.511680,100,63,20951,10462,23776,10406,13716,27460,6775,5661
2025-01-03T00:48:24.511751,91,64,115274,38873,4432,13311,5587,2721,3734,355
2025-01-03T00:48:25.512010,84,66,30949,40642,5589,13551,9746,14826,4677,2197
2025-01-03T00:48:26.512129,64,77,21923,21341,35012,6042,8777,7673,3499,1448
2025-01-03T00:48:27.512698,54,63,133937,87114,7782,8409,12600,23630,5700,3737
2025-01-03T00:48:28.513133,56,75,18996,16441,38103,22403,13192,4435,5256,3223
2025-01-03T00:48:29.514083,50,78,14053,47972,18433,11309,6681,9423,8116,3083
2025-01-03T00:48:30.514474,47,66,22985,46650,8932,17018,45749,6603,17751,1013
2025-01-03T00:48:31.515019,40,84,5217,13731,33624,5867,9380,5805,3255,1132
2025-01-03T00:48:32.515719,50,66,653389,53102,4334,10651,23796,12933,5780,1240
2025-01-03T00:48:33.516388,53,56,33922,62685,7214,5003,8360,14229,7085,2810
2025-01-03T00:48:34.516522,56,67,9395,31888,24500,35184,17918,11023,7930,3824
2025-01-03T00:48:35.516596,56,60,25636,52752,25749,13583,12390,9452,9835,3207
2025-01-03T00:48:36.517234,63,69,17323,12272,5987,16609,18101,13693,5428,1447
2025-01-03T00:48:37.518012,63,80,81090,22887,11367,8248,5416,7146,3987,1082
2025-01-03T00:48:38.518380,70,75,16783,5191,2553,4187,4029,3117,3645,1887
2025-01-03T00:48:39.518551,83,74,30470,28963,16788,7174,8540,18921,4093,852
2025-01-03T00:48:40.519326,74,74,19740,36082,5693,24295,6344,10773,11240,4133
2025-01-03T00:48:41.519347,69,60,7938,102190,1719,11047,7870,12275,9404,2861
2025-01-03T00:48:42.520144,57,64,13060,38541,37040,12502,8442,6665,9408,2311
2025-01-03T00:48:43.521068,50,74,10209,7714,44463,15619,26563,11500,9147,4469
2025-01-03T00:48:44.521132,38,70,457331,174817,48408,31078,18578,11099,8461,4879
2025-01-03T00:48:45.521753,41,81,32810,72126,30092,9032,21238,17456,14477,6274
2025-01-03T00:48:46.522342,38,64,929761,179416,4825,18618,13100,11387,3191,2438
2025-01-03T00:48:47.523147,41,64,30337,4060,23744,32206,19199,13642,4790,1283
2025-01-03T00:48:48.523884,60,56,9852,40456,402,8083,7815,13439,6766,2805
2025-01-03T00:48:49.524803,69,57,9312,16016,10714,14041,25943,17957,7243,3176
2025-01-03T00:48:50.525062,97,67,4377,5151,25969,13374,37193,63019,5262,2561
2025-01-03T00:48:51.525180,97,60,264336,6031,6283,1909,5237,4055,1447,222
2025-01-03T00:48:52.525993,83,67,162675,144786,25617,47769,18828,16144,10026,6085
2025-01-03T00:48:53.526730,81,74,17365,12657,4521,37993,17207,25702,9004,2094
2025-01-03T00:48:54.527154,53,77,85493,153914,58054,24226,4443,13967,9113,2461
2025-01-03T00:48:55.528013,37,70,1777629,349276,82792,41675,33622,18951,8851,4306
2025-01-03T00:48:56.528633,48,67,35606,42308,6562,10708,10806,18047,3663,2548
2025-01-03T00:48:57.528801,43,70,31000,14982,15102,18765,5721,11408,3748,1891
2025-01-03T00:48:58.529738,40,63,163377,67064,9889,3476,3095,3321,1405,728
2025-01-03T00:48:59.530204,57,69,60196,23104,29166,18269,14674,20980,8366,3637
2025-01-03T00:49:00.530803,48,81,6015,21375,11329,33012,16463,6975,4789,5057
2025-01-03T00:49:01.531402,51,75,70350,12223,13095,10702,15366,13632,2900,1502
2025-01-03T00:49:02.532331,69,78,49862,69225,14000,16421,12761,33002,10518,3258
2025-01-03T00:49:03.532437,67,70,134612,8818,6747,915,7239,4363,918,584
2025-01-03T00:49:04.533025,78,66,11656,18900,9671,15435,14375,13495,7323,2084
2025-01-03T00:49:05.533344,77,66,26605,6567,10325,8047,18803,9104,2512,2640
2025-01-03T00:49:06.534178,77,75,337163,41232,40428,13903,21869,31553,9937,2695
2025-01-03T00:49:07.534988,77,80,16486,25996,25992,17333,7631,17251,9078,4664
2025-01-03T00:49:08.535318,81,78,397824,18788,9812,12625,5720,21253,5191,8389
2025-01-03T00:49:09.536139,66,60,419657,298222,6914,14047,30454,21474,6975,3421
2025-01-03T00:49:10.537079,57,51,44740,59119,13226,4962,10096,10438,3224,2513
2025-01-03T00:49:11.537168,61,48,18730,27228,11486,28144,12437,22471,7229,2789
2025-01-03T00:49:12.537330,41,48,80173,77565,34323,11823,13985,6864,3784,2262
2025-01-03T00:49:13.537567,50,57,922934,60434,13744,6556,27905,13213,4287,1326
2025-01-03T00:49:14.537828,51,57,694474,33650,2572,8604,3431,7865,2043,1065
2025-01-03T00:49:15.538278,40,48,383524,57712,10686,5513,19421,5879,4633,2808
2025-01-03T00:49:16.538543,44,50,151247,17718,7504,3962,1675,3074,2421,1688
2025-01-03T00:49:17.538623,48,57,13945,6483,2839,3472,1950,3047,1958,735
2025-01-03T00:49:18.539032,50,67,25463,6367,13850,15060,19549,8472,7528,3056
2025-01-03T00:49:19.539721,61,80,26708,33268,16072,35384,9334,22098,3409,2921
2025-01-03T00:49:20.540631,64,87,34715,7448,30991,18730,24232,10825,9452,3304
2025-01-03T00:49:21.540957,54,78,119958,34200,3735,4812,7142,2648,1521,570
2025-01-03T00:49:22.541401,47,80,51243,23830,21743,13580,8346,6207,6150,2288
2025-01-03T00:49:23.541646,44,77,165383,52943,27220,18946,16394,21763,10326,3543
2025-01-03T00:49:24.541820,41,66,41891,83427,28580,9393,8773,13260,5466,3512
2025-01-03T00:49:25.542272,53,77,99640,12306,5033,8762,4211,5881,2144,855
2025-01-03T00:49:26.542868,63,63,12810,31424,7515,8671,27654,17388,4772,1634
2025-01-03T00:49:27.543298,66,69,4888,16573,14467,27946,7395,16065,4360,1583
2025-01-03T00:49:28.544173,64,64,142395,19459,882,4256,5667,2601,658,828
2025-01-03T00:49:29.544366,63,69,22452,12845,5026,43045,14642,11119,7893,1825
2025-01-03T00:49:30.545054,44,77,220758,155220,67978,20060,7075,11911,8658,2542
2025-01-03T00:49:31.545438,38,69,18783,46692,11491,20413,6466,9705,2779,976
2025-01-03T00:49:32.545738,37,69,178159,51376,2303,10876,12516,4595,1547,1474
2025-01-03T00:49:33.546313,23,63,1804443,106147,18754,63914,36295,7436,3432,3902
2025-01-03T00:49:34.547081,30,61,1141637,30394,10478,7906,11440,5809,1959,732
2025-01-03T00:49:35.547947,27,48,100680,27388,368,2888,4195,2559,2769,409
2025-01-03T00:49:36.548505,41,60,344811,19368,13503,38908,25163,24819,2525,2551
2025-01-03T00:49:37.548693,53,60,4685,17832,3105,16618,9702,6150,5838,3254
2025-01-03T00:49:38.549391,56,57,11260,18403,2004,10478,9751,7065,9637,2086
2025-01-03T00:49:39.549820,61,77,24477,22357,20020,22250,10252,8685,5021,2193
2025-01-03T00:49:40.550518,67,70,6429,13886,6103,7775,11335,19355,5837,4311
2025-01-03T00:49:41.550600,83,63,40403,8671,1068,6808,12155,19317,5619,1756
2025-01-03T00:49:42.551246,77,64,10352,54624,36475,25255,71645,9863,6879,3500
2025-01-03T00:49:43.551476,87,56,54960,21621,16637,883,14881,17916,7339,6980
2025-01-03T00:49:44.551783,77,67,8635,21533,32458,32224,2496,18469,2055,3867
2025-01-03T00:49:45.552595,56,80,16702,30711,22510,13571,8714,7554,7068,896
2025-01-03T00:49:46.552960,61,84,26807,55100,18223,81418,32918,20704,8118,4679
2025-01-03T00:49:47.553724,41,88,388085,44144,14961,8736,2670,3285,818,1185
2025-01-03T00:49:48.554628,44,81,10631,7676,20486,7745,20527,12416,3825,4036
2025-01-03T00:49:49.554959,56,75,12495,18383,4861,9922,13097,14341,2417,2193
2025-01-03T00:49:50.555569,54,66,1050021,365701,107178,33282,10495,53309,14461,6802
2025-01-03T00:49:51.555774,63,66,117449,15386,7159,3709,5425,3220,618,347
2025-01-03T00:49:52.556320,43,60,172601,12086,2816,1740,1314,520,518,218
2025-01-03T00:49:53.556669,35,66,48968,24966,5518,27066,12344,9735,8371,2673
2025-01-03T00:49:54.557408,38,69,455677,187782,117961,18572,23116,53127,12242,1529
2025-01-03T00:49:55.557770,29,67,1717481,196558,41556,34123,18004,12449,8026,5956
2025-01-03T00:49:56.558443,43,64,568765,84379,19113,14229,34396,16020,2953,7926
2025-01-03T00:49:57.559139,41,63,7633,44218,9963,24387,5305,11659,6897,1553
2025-01-03T00:49:58.559862,35,54,689721,369982,44715,32485,22005,32075,14498,6859
2025-01-03T00:49:59.560163,41,63,60805,23318,12329,18703,5972,5158,2666,1949
2025-01-03T00:50:00.560415,34,67,1293331,79812,29729,13796,8006,7080,7228,3341
2025-01-03T00:50:01.560573,29,60,335265,38198,6249,2583,5814,4864,2608,1406
2025-01-03T00:50:02.561061,41,67,17732,20822,9001,9880,7262,12501,5209,6685
2025-01-03T00:50:03.561657,47,56,66525,120699,30311,9712,20478,22500,13512,5618
2025-01-03T00:50:04.562125,60,60,38162,27235,10608,29530,13710,18250,8441,4060
2025-01-03T00:50:05.563020,53,54,310574,104447,10806,6805,19851,6366,3638,1147
2025-01-03T00:50:06.563661,34,53,299815,136121,23889,33940,6913,5944,7469,3275
2025-01-03T00:50:07.563814,20,47,2119658,557304,49119,13942,39117,19598,12368,11913
2025-01-03T00:50:08.564203,11,43,171489,169970,79454,14671,18735,26208,24050,6737
2025-01-03T00:50:09.564414,11,53,109438,49242,20873,4378,3469,4535,3078,506
2025-01-03T00:50:10.564744,14,48,358566,144753,15476,18769,25068,7570,5935,3057
2025-01-03T00:50:11.565528,17,61,180225,15596,4900,3849,1712,911,618,250
2025-01-03T00:50:12.566212,26,63,4588,32481,17692,18805,13536,18273,7402,2528
2025-01-03T00:50:13.566706,38,64,24491,24397,12814,10448,8385,12127,21332,4424
2025-01-03T00:50:14.566707,50,69,106940,79290,17738,20854,8835,16716,17835,8567
2025-01-03T00:50:15.566970,53,75,596808,68443,41239,27779,12139,8507,8367,2353
2025-01-03T00:50:16.567413,38,66,400250,165139,31293,13146,7265,9250,5820,2106
2025-01-03T00:50:17.567632,40,56,13084,33320,4943,3187,14542,12833,9456,2716
2025-01-03T00:50:18.567844,44,60,17330,23669,21783,6307,5219,12848,5225,1414
2025-01-03T00:50:19.567926,53,47,116757,19695,2569,2870,7969,4436,819,717
2025-01-03T00:50:20.568257,64,54,9128,20177,20004,5354,9973,8020,5621,4821
2025-01-03T00:50:21.568309,61,66,32660,27869,12865,13589,13109,10509,4047,3342
2025-01-03T00:50:22.568938,48,60,128329,53964,14654,6629,6565,4100,1225,1245
2025-01-03T00:50:23.569177,47,54,121462,22581,1476,874,1781,3583,772,506
2025-01-03T00:50:24.569572,54,50,14327,20391,9711,7729,13348,16375,3417,7275
2025-01-03T00:50:25.570417,48,47,85427,87408,8539,26395,12432,11532,3191,3051
2025-01-03T00:50:26.570667,57,53,12663,28302,5290,30612,9588,11502,4360,3529
2025-01-03T00:50:27.571563,60,57,252184,23059,2072,2654,4163,4579,875,386
2025-01-03T00:50:28.571587,50,60,287523,71173,23945,21057,14408,20049,18558,5236
2025-01-03T00:50:29.571926,44,57,232640,54660,11485,4022,6016,3720,3298,1742
2025-01-03T00:50:30.572195,51,50,372307,40199,11374,4536,5888,18518,8151,2702
2025-01-03T00:50:31.573088,38,57,171216,30846,13778,1051,1829,1676,1362,718
2025-01-03T00:50:32.573156,41,57,140954,22087,9079,7269,4742,8532,6615,3266
2025-01-03T00:50:33.573768,57,56,72700,77933,1607,26812,8472,40143,5169,2967
2025-01-03T00:50:34.574201,60,60,27509,50867,23906,5153,10900,32415,20417,7474
2025-01-03T00:50:35.574756,83,61,723151,14600,10152,17644,12823,23822,8094,2683
2025-01-03T00:50:36.575630,78,54,90033,108571,25516,8081,24865,16534,5360,4896
2025-01-03T00:50:37.576302,66,48,75054,161782,11232,6022,5169,17234,1741,2103
2025-01-03T00:50:38.577124,48,37,258917,301863,19840,5673,11828,17973,33079,3883
2025-01-03T00:50:39.577974,50,34,47865,17519,6570,16257,12379,27656,18621,4934
2025-01-03T00:50:40.578874,41,38,519834,244148,88957,18424,7885,14692,27057,14949
2025-01-03T00:50:41.579393,50,50,88384,11004,5355,5113,7239,5213,10250,4440
2025-01-03T00:50:42.580296,64,56,231131,131071,1944,25327,8580,51872,32848,10522
2025-01-03T00:50:43.580733,44,38,499148,500450,3909,21504,39329,38616,16673,14002
2025-01-03T00:50:44.581460,61,38,6244,49195,9311,17397,5186,25446,13899,4557
2025-01-03T00:50:45.581597,67,35,18639,32375,14167,10482,15451,30155,10414,3797
2025-01-03T00:50:46.582471,74,47,8643,35510,28069,31399,12621,50843,3356,5444
2025-01-03T00:50:47.583021,81,75,8680,9805,17724,16025,10770,7532,15173,4171
2025-01-03T00:50:48.583386,61,81,529385,138881,75452,48983,10578,9111,7937,5483
2025-01-03T00:50:49.583875,40,83,307623,90520,29120,17258,11965,5698,10139,6052
2025-01-03T00:50:50.584588,23,87,1347639,66137,43454,21116,10915,11741,7438,6650
2025-01-03T00:50:51.585391,26,69,110032,12222,2098,996,1529,4531,1467,2248
2025-01-03T00:50:52.585469,43,63,8788,65124,31769,11870,18248,20514,8010,4368
2025-01-03T00:50:53.585984,56,74,54265,20577,45355,18320,14464,15784,8295,1845
2025-01-03T00:50:54.586532,70,66,18247,16986,11360,6987,18891,17945,10367,6045
2025-01-03T00:50:55.587475,66,75,687172,48349,11466,26321,13746,11873,36601,4326
2025-01-03T00:50:56.587862,74,80,24330,11126,14625,22697,17572,21480,7843,6459
2025-01-03T00:50:57.588803,66,75,1788364,76440,47189,20034,11496,12113,10026,3364
2025-01-03T00:50:58.589563,60,77,593402,35307,14390,6207,2732,13496,6960,2554
2025-01-03T00:50:59.590418,66,77,13059,16484,8076,51873,89130,23928,6933,1771
2025-01-03T00:51:00.590427,53,70,34814,54353,22218,17987,20108,9149,8532,1905
2025-01-03T00:51:01.591068,57,69,310509,73642,13366,44526,14038,19503,13284,6004
2025-01-03T00:51:02.591234,60,74,16755,22591,23907,18764,18637,19268,3487,2304
2025-01-03T00:51:03.591716,61,67,56135,49275,9846,12487,6386,28658,9623,1360
2025-01-03T00:51:04.592138,77,61,17989,23167,10406,2547,18031,17688,3429,1632
2025-01-03T00:51:05.592317,78,51,162592,100562,17287,5339,25488,21726,5722,3446
2025-01-03T00:51:06.593198,64,50,676982,141101,80095,12686,13224,15394,7841,2112
2025-01-03T00:51:07.594144,50,40,119829,129767,6399,6273,4408,10937,4228,3290
2025-01-03T00:51:08.594683,35,30,780323,116176,8294,2507,9169,11813,11461,4655
2025-01-03T00:51:09.595432,34,44,15534,26165,28427,11413,14633,9237,8873,1661
2025-01-03T00:51:10.596230,47,40,43105,48114,17771,3262,12937,18455,12521,2035
2025-01-03T00:51:11.596618,48,53,1316964,38426,13870,12026,8096,6107,4061,2591
2025-01-03T00:51:12.597025,54,70,23439,50052,24194,29089,15995,23469,10322,7784
2025-01-03T00:51:13.597973,57,70,10121,11560,6423,9332,5802,5261,10670,11030
2025-01-03T00:51:14.598471,61,74,20734,23706,10503,5717,9950,15543,10930,3324
2025-01-03T00:51:15.598951,74,78,40844,7709,20308,19837,20791,13302,13173,5769
2025-01-03T00:51:16.599691,61,69,109879,28703,4508,3990,5925,2077,1769,1905
2025-01-03T00:51:17.599842,53,61,162924,140388,1702,45504,29507,14918,6230,5135
2025-01-03T00:51:18.600761,26,48,207664,307681,12699,8893,14140,5947,6441,2182
2025-01-03T00:51:19.601337,17,37,403180,41078,5353,5080,3966,5752,1354,905
2025-01-03T00:51:20.602066,23,40,200357,35200,8462,9096,5562,5348,5297,1352
2025-01-03T00:51:21.602839,21,34,227186,17907,2012,735,2948,1450,1361,868
2025-01-03T00:51:22.603063,43,38,41433,52626,2870,4513,4524,13339,13778,2354
2025-01-03T00:51:23.603958,48,40,10489,62919,14810,15514,16560,21637,6006,4471
2025-01-03T00:51:24.604761,51,41,28334,53489,16482,14804,6207,11708,5804,3965
2025-01-03T00:51:25.605579,57,61,9702,22654,21648,23744,6516,9367,6299,2505
2025-01-03T00:51:26.605696,43,67,235605,179448,43973,16580,52885,9293,6637,7236
2025-01-03T00:51:27.605941,38,67,35189,41293,14171,5868,21349,7727,5191,3541
2025-01-03T00:51:28.606843,48,63,66509,24479,12361,3573,10871,18367,16351,7551
2025-01-03T00:51:29.607477,41,47,1619658,486167,47302,40776,24694,34498,15730,25471
2025-01-03T00:51:30.608214,53,43,167575,224945,51777,7606,27439,45097,20502,5943
2025-01-03T00:51:31.609169,51,38,154223,349880,27713,29828,13142,39290,43604,10981
2025-01-03T00:51:32.609425,44,41,683219,63931,23585,14073,11020,24960,20204,10275
2025-01-03T00:51:33.609472,53,44,320806,24980,3405,5121,6038,5196,4090,1202
2025-01-03T00:51:34.609565,63,48,80482,24113,10330,10238,30775,24480,5298,4966
2025-01-03T00:51:35.609887,67,56,60331,112919,45971,18155,19389,28523,9057,4642
2025-01-03T00:51:36.610435,66,51,173179,70490,9355,8442,11119,15691,9590,1737
2025-01-03T00:51:37.610813,66,50,29912,46703,20165,5140,29748,15270,14962,6673
2025-01-03T00:51:38.610969,61,50,560994,76524,24319,9769,3554,9684,11078,2016
2025-01-03T00:51:39.611239,57,50,88624,24887,1380,5148,1919,3959,2183,552
2025-01-03T00:51:40.611836,60,41,25295,23367,2767,1913,14865,16035,17630,5294
2025-01-03T00:51:41.611886,48,48,80559,207410,149296,11340,9794,19390,14062,5907
2025-01-03T00:51:42.612436,47,40,141072,157215,5985,17595,17277,13820,9996,2304
2025-01-03T00:51:43.613309,61,48,25358,15410,22987,3579,8200,29763,11540,2431
2025-01-03T00:51:44.613667,60,64,21100,15733,31175,12043,7983,30039,11164,1251
2025-01-03T00:51:45.614459,74,64,125275,30203,27607,12361,16176,16641,14197,5013
2025-01-03T00:51:46.615374,81,77,325285,59004,22070,24386,22537,21106,4272,3118
2025-01-03T00:51:47.615456,75,80,34969,14681,16109,21034,18250,15717,3947,6769
2025-01-03T00:51:48.616405,75,77,18409,15650,1361,15313,3676,14018,3024,2312
2025-01-03T00:51:49.617131,67,77,16397,44737,27856,9395,9473,11142,5575,1513
2025-01-03T00:51:50.617391,67,81,5238,11350,19948,11031,15458,8030,6153,3295
2025-01-03T00:51:51.618165,63,80,2993,24156,19072,10477,4927,9831,6201,2227
2025-01-03T00:51:52.618862,56,80,444428,28198,11387,7275,11894,8225,8949,2396
2025-01-03T00:51:53.618996,54,87,23030,33499,33502,27401,9654,9231,7491,4249
2025-01-03T00:51:54.619633,34,67,195497,76526,4381,3452,3749,1385,1346,1577
2025-01-03T00:51:55.620246,34,66,21798,25020,18633,16138,17929,11432,6986,7512
2025-01-03T00:51:56.620936,35,66,31812,40073,9088,28126,17457,18299,10511,3452
2025-01-03T00:51:57.621477,35,63,84865,12078,9266,3139,1969,2576,1755,622
2025-01-03T00:51:58.621676,43,69,538829,32028,6165,2708,3285,1618,624,193
2025-01-03T00:51:59.621772,43,66,5197,21862,16112,8554,23013,10500,5815,1216
2025-01-03T00:52:00.622704,35,56,17949,109801,15090,3422,20335,10178,3142,4650
2025-01-03T00:52:01.623570,38,64,24887,9039,28507,15850,6830,8501,5294,5152
2025-01-03T00:52:02.623953,48,74,7645,26184,23294,9126,13812,7086,2948,1626
2025-01-03T00:52:03.624869,44,80,7008,17284,20163,13524,7476,7691,6004,1065
2025-01-03T00:52:04.624944,56,93,14925,27582,29816,11551,15066,20819,6125,3676
2025-01-03T00:52:05.625199,57,80,10202,31179,5403,9549,3233,9121,3117,1832
2025-01-03T00:52:06.625392,60,80,22370,37174,13506,45351,31044,12232,10337,2694
2025-01-03T00:52:07.625499,63,63,4048,76072,13649,6433,22971,24801,6379,4877
2025-01-03T00:52:08.625925,56,60,2297,48019,15179,14589,13137,10002,10299,2948
2025-01-03T00:52:09.626451,60,67,39936,28190,37780,9798,7133,20595,8979,8806
2025-01-03T00:52:10.627216,54,50,194268,218040,5927,16092,5820,16588,4335,2961
2025-01-03T00:52:11.627909,53,61,12805,39827,21527,27555,12982,21506,4074,1848
2025-01-03T00:52:12.628456,53,57,20716,52383,18616,5168,25856,8919,8630,6278
2025-01-03T00:52:13.629038,44,37,338879,122247,4835,5328,15396,14583,13501,1935
2025-01-03T00:52:14.629462,60,50,14602,23343,7565,15082,13163,20496,5714,2559
2025-01-03T00:52:15.630108,54,41,170665,18737,2234,3699,2834,3077,1588,2535
2025-01-03T00:52:16.631046,63,43,17312,36114,12834,11063,13237,16517,5129,3335
2025-01-03T00:52:17.631307,70,64,8604,30618,23789,33199,8390,23972,5019,2888
2025-01-03T00:52:18.631406,69,67,75084,24135,17331,10096,5165,18502,9300,4260
2025-01-03T00:52:19.632304,88,64,6157,19743,5891,4765,9626,30948,4466,1823
2025-01-03T00:52:20.632693,88,75,6569,12650,23047,10477,4660,14231,6497,2858
2025-01-03T00:52:21.633499,75,70,229717,36555,14798,8137,7280,3718,1318,1178
2025-01-03T00:52:22.633771,69,77,19049,7766,26271,9610,10882,9838,3162,1520
2025-01-03T00:52:23.634306,56,78,23862,73543,4436,16876,17681,16831,4399,1625
2025-01-03T00:52:24.634541,48,70,353942,52393,20683,12930,4242,9416,5452,4063
2025-01-03T00:52:25.634788,53,74,4099,45999,34259,10853,5064,10297,3908,2486
2025-01-03T00:52:26.635584,53,67,10349,27365,8587,27428,8148,15796,3680,4519
2025-01-03T00:52:27.636534,43,75,397575,62133,15178,17569,14060,6116,1511,674
2025-01-03T00:52:28.636569,50,70,11284,37783,7143,16341,13962,14782,7696,6990
2025-01-03T00:52:29.637076,53,74,46643,28838,24907,13797,11254,11850,5007,1963
2025-01-03T00:52:30.637506,34,57,189178,114172,9610,4014,2670,3510,2337,971
2025-01-03T00:52:31.638304,35,56,107703,91051,30961,16447,12507,10979,5890,4794
2025-01-03T00:52:32.638734,38,64,20823,17058,9062,21852,7591,13824,7565,3637
2025-01-03T00:52:33.638914,41,67,8647,7463,18689,11569,7087,10292,10844,3260
2025-01-03T00:52:34.639608,60,70,22234,49782,6868,4134,7934,12429,4613,2392
2025-01-03T00:52:35.639843,67,74,8317,30748,10963,30299,33588,13710,11647,4624
2025-01-03T00:52:36.640575,70,63,20998,33471,2321,12652,3722,23062,3831,3317
2025-01-03T00:52:37.641201,74,50,7188,30247,8691,2797,10147,13457,2117,2495
2025-01-03T00:52:38.642037,69,66,137166,13754,20968,6461,5564,5144,2247,1393
2025-01-03T00:52:39.642672,69,66,5019,26238,24220,12792,28902,13664,7878,3129
2025-01-03T00:52:40.642846,60,77,45145,55894,48707,20964,13010,20132,5876,4538
2025-01-03T00:52:41.643754,56,84,34496,23786,24449,17183,26657,15966,9943,26098
2025-01-03T00:52:42.644663,56,78,222397,81063,38173,20527,16748,17091,12545,6495
2025-01-03T00:52:43.645318,51,78,329434,7544,4438,863,1132,1423,330,375
2025-01-03T00:52:44.645698,54,69,10407,31086,7702,15447,20300,11896,8658,2369
2025-01-03T00:52:45.646579,48,69,128394,28102,18762,2886,10420,5235,1111,1712
2025-01-03T00:52:46.646754,44,63,295250,37221,7130,3311,4781,4073,4346,1421
2025-01-03T00:52:47.647298,50,60,415703,42566,19045,12865,31499,14770,8803,2657
2025-01-03T00:52:48.647546,34,66,1489656,264785,122361,104395,17727,16170,29048,8139
2025-01-03T00:52:49.648078,29,67,309674,9749,5026,3045,1741,1270,827,189
2025-01-03T00:52:50.648197,37,81,76928,32632,36465,29356,23493,21970,3834,8525
2025-01-03T00:52:51.648820,20,84,236744,82474,37389,19343,13266,3810,9830,2281
2025-01-03T00:52:52.649351,17,67,975361,388984,20110,21291,11203,13111,4497,10889
2025-01-03T00:52:53.649689,27,66,303079,46832,20714,21161,14724,17881,2405,3973
2025-01-03T00:52:54.649778,14,63,1499721,60631,30894,18387,6687,4985,5015,4189
2025-01-03T00:52:55.649787,24,64,498755,12745,5953,5084,1683,1822,869,816
2025-01-03T00:52:56.649969,44,78,502522,29078,16362,11225,13198,18041,5433,2451
2025-01-03T00:52:57.650601,41,81,14422,31452,27051,12688,8367,9530,6461,2280
2025-01-03T00:52:58.650839,47,80,151446,91086,41093,31814,12008,13632,13889,5199
2025-01-03T00:52:59.651196,57,74,309136,7571,5176,1426,7197,3690,3049,2016
2025-01-03T00:53:00.652142,50,74,136551,41265,19875,4653,4894,8179,3228,1719
2025-01-03T00:53:01.652435,51,63,279313,53934,19856,4531,23223,13089,2671,967
2025-01-03T00:53:02.652497,43,51,157461,106021,13652,4204,9357,4556,3979,1103
2025-01-03T00:53:03.653348,50,51,13762,27707,18083,5364,15777,28226,6767,2155
2025-01-03T00:53:04.653981,57,50,21880,30046,2068,20364,11501,17781,3893,3968
2025-01-03T00:53:05.654864,57,53,11062,29021,8578,10976,11161,7245,4458,2653
2025-01-03T00:53:06.655598,78,56,9441,17301,4790,5320,18322,10442,6993,2120
2025-01-03T00:53:07.655641,78,60,7950,6426,4646,6321,9887,7827,3522,2906
2025-01-03T00:53:08.656366,81,63,6977,14025,2153,19120,6277,21722,7128,9184
2025-01-03T00:53:09.657053,93,53,47446,11853,5167,5863,44248,12530,5717,5492
2025-01-03T00:53:10.657088,78,57,141242,44996,8810,8632,3547,4181,2878,1251
2025-01-03T00:53:11.657776,75,57,3203,21331,17575,6056,8858,15516,4580,2154
2025-01-03T00:53:12.658094,69,51,16210,20580,9388,7393,41515,11404,4902,1293
2025-01-03T00:53:13.658649,63,56,21264,38581,6297,10874,18316,13894,8553,2229
2025-01-03T00:53:14.659441,70,57,189297,80690,27848,24322,18635,25237,10960,7283
2025-01-03T00:53:15.659483,57,69,14955,20517,37514,29774,6484,6858,3808,4157
2025-01-03T00:53:16.659651,50,75,19897,57882,14710,20035,35438,10575,9882,4824
2025-01-03T00:53:17.659906,48,81,19933,37188,36712,5185,17840,15004,7350,5686
2025-01-03T00:53:18.659999,48,83,412671,51875,15849,21381,11985,14374,27728,6193
2025-01-03T00:53:19.660492,51,69,13145,109974,43196,10510,11446,20376,7203,2695
2025-01-03T00:53:20.661333,61,69,32250,22689,7394,14175,17534,17825,7650,5174
2025-01-03T00:53:21.662282,64,67,15902,18277,4103,16663,11843,10597,7916,1596
2025-01-03T00:53:22.663208,78,57,79292,8501,804,2690,3448,9705,2990,498
2025-01-03T00:53:23.664131,80,60,84266,29228,16062,27772,42954,10678,4075,2656
2025-01-03T00:53:24.664469,78,57,40181,25283,4660,11458,19225,14764,4375,2020
2025-01-03T00:53:25.665306,77,56,89993,12189,3227,5442,5216,4724,1560,360
2025-01-03T00:53:26.665464,53,78,20413,35233,15492,92663,16577,7283,4755,4361
2025-01-03T00:53:27.666280,56,77,11342,40788,9904,16669,7274,14178,7298,4439
2025-01-03T00:53:28.666871,56,80,9802,17221,7895,15443,25576,13507,3035,3055
2025-01-03T00:53:29.667239,64,77,18203,25833,11593,5993,17138,28732,5433,7671
2025-01-03T00:53:30.667321,84,64,22604,21203,8212,23411,16910,23287,4353,2349
2025-01-03T00:53:31.668126,88,67,25270,8247,9032,17878,22200,11411,6434,3177
2025-01-03T00:53:32.668334,74,63,258553,62966,11020,4807,5188,4096,907,1352
2025-01-03T00:53:33.669236,51,57,221691,409435,12239,61581,26327,25109,11617,1044
2025-01-03T00:53:34.670108,37,53,36434,23699,6052,1834,3656,2843,389,250
2025-01-03T00:53:35.670551,35,48,62296,39578,19690,6903,8963,17327,5615,2802
2025-01-03T00:53:36.671062,47,51,92834,62303,28282,14580,27911,24876,5421,2854
2025-01-03T00:53:37.671248,61,63,72237,61276,31512,25284,5258,32125,5336,3857
2025-01-03T00:53:38.671366,67,64,23785,39444,13479,16007,43060,13860,6027,2066
2025-01-03T00:53:39.671676,56,60,1718269,258875,58551,13665,41496,20422,17484,4753
2025-01-03T00:53:40.671924,56,57,14727,36533,16916,4325,16864,15241,5180,3812
2025-01-03T00:53:41.672710,51,48,8945,42607,7212,2360,7743,9128,4943,1597
2025-01-03T00:53:42.673568,41,41,275034,185256,36379,3262,25362,12349,6377,2525
2025-01-03T00:53:43.673846,50,48,6601,85147,32402,30594,18965,25101,4431,4369
2025-01-03T00:53:44.674796,44,53,22486,42510,4431,25231,9315,8816,3617,2136
2025-01-03T00:53:45.675583,34,66,260667,127136,72076,46016,3836,12255,6643,7335
2025-01-03T00:53:46.676286,41,77,108100,37962,22771,14312,14343,12606,6982,2858
2025-01-03T00:53:47.676312,38,74,5504,58126,14456,12071,9069,8380,11809,2803
2025-01-03T00:53:48.676373,38,75,97986,13898,2365,9211,2142,3132,1231,680
2025-01-03T00:53:49.677202,51,74,16225,25395,28704,5475,12116,14076,4028,3918
2025-01-03T00:53:50.677828,43,74,197152,44997,30321,1848,5747,5545,2376,581
2025-01-03T00:53:51.678328,30,57,229735,269128,13810,8262,31998,7594,4286,5172
2025-01-03T00:53:52.678369,35,60,115581,43186,17114,25008,4571,15146,10268,3279
2025-01-03T00:53:53.678598,35,56,48008,31213,14630,16227,14104,14905,6235,1068
2025-01-03T00:53:54.678839,35,57,12466,59908,22241,33021,9638,7684,3336,2056
2025-01-03T00:53:55.678950,51,67,858203,80921,7426,17823,15198,19015,9656,6913
2025-01-03T00:53:56.679030,50,70,7531,38269,45619,16720,13656,15524,7903,2436
2025-01-03T00:53:57.679686,50,78,35705,8873,16263,26139,14798,10383,5031,5366
2025-01-03T00:53:58.679996,66,70,24811,18078,10382,6555,19436,15313,4039,2587
2025-01-03T00:53:59.680391,67,74,291306,41997,5210,12548,10307,13960,4100,1962
2025-01-03T00:54:00.681070,70,66,24607,23800,9327,10208,12079,10853,5443,902
2025-01-03T00:54:01.681945,77,54,24161,15680,3248,10181,22445,9266,5036,2395
2025-01-03T00:54:02.682288,67,61,9690,38917,37155,18816,16743,19130,3468,1662
2025-01-03T00:54:03.683050,75,61,6617,20951,8508,4198,12952,14821,4998,1939
2025-01-03T00:54:04.683670,61,63,375635,28895,16273,3564,8015,3055,1593,491
2025-01-03T00:54:05.683798,66,67,5313,9282,12954,11532,19781,17662,4152,2273
2025-01-03T00:54:06.684096,61,69,20940,16638,16791,15074,15353,5603,2732,1254
2025-01-03T00:54:07.684203,53,69,33718,33803,10276,9688,20160,9459,4113,3185
2025-01-03T00:54:08.684852,69,74,28715,7575,6595,17739,13159,12529,2878,1460
2025-01-03T00:54:09.684961,51,63,125184,120228,12361,15906,15349,9384,8870,2070
2025-01-03T00:54:10.685344,63,60,9222,16077,27254,10173,22877,26320,11485,5819
2025-01-03T00:54:11.685516,77,63,7131,6510,3883,10554,12084,17823,6917,2432
2025-01-03T00:54:12.686048,74,64,15932,9894,12837,3696,6616,6138,6495,2656
2025-01-03T00:54:13.686478,87,74,701427,29868,13330,11096,11193,15426,5310,2620
2025-01-03T00:54:14.686974,81,77,473518,26346,37212,24993,14596,22802,6567,2562
2025-01-03T00:54:15.687219,66,75,226381,26948,6561,5698,5108,5426,995,437
2025-01-03T00:54:16.687613,67,75,6101,15653,15278,15441,13139,13235,6597,2343
2025-01-03T00:54:17.687853,57,78,1849,22213,8920,20032,21771,5252,2407,957
2025-01-03T00:54:18.688004,70,64,14714,10654,10507,2592,9578,30356,3789,2286
2025-01-03T00:54:19.688339,78,69,3221,14233,14379,3398,12592,9740,6368,3068
2025-01-03T00:54:20.688567,78,70,10219,9386,21054,8430,8968,9425,7701,3429
2025-01-03T00:54:21.689432,91,63,6338,26266,12025,3142,22083,20741,7186,3752
2025-01-03T00:54:22.690008,70,63,8890,46414,9705,4663,7181,7561,2651,4025
2025-01-03T00:54:23.690371,64,69,11404,38485,41729,52600,26705,22076,8950,3513
2025-01-03T00:54:24.690910,69,66,21513,13118,6615,18605,4391,17605,7822,791
2025-01-03T00:54:25.691428,48,70,306200,47296,16509,5502,12281,2698,977,591
2025-01-03T00:54:26.692052,60,78,10526,16425,14880,3842,4471,15540,8425,1073
2025-01-03T00:54:27.692455,67,69,16802,20743,12567,5553,7390,15186,3981,3857
2025-01-03T00:54:28.692663,56,64,177128,91421,44962,10598,11980,20018,9807,3707
2025-01-03T00:54:29.692977,75,66,9499,17023,8903,9487,15380,11734,6798,3993
2025-01-03T00:54:30.693809,64,56,104273,13149,742,3024,3636,2936,3652,557
2025-01-03T00:54:31.693862,53,51,109219,32547,4674,6262,5347,3718,1810,573
2025-01-03T00:54:32.694011,63,50,603994,22598,6013,14766,12766,17172,8735,2836
2025-01-03T00:54:33.694851,47,34,474438,464932,9251,31057,37536,24285,18908,8479
2025-01-03T00:54:34.695244,40,34,75441,86402,4193,19490,13176,9061,7150,1992
2025-01-03T00:54:35.695251,50,44,16774,13075,21314,17705,16609,13748,1933,1505
2025-01-03T00:54:36.695385,41,38,34799,109016,25450,6032,44879,22500,3299,3215
2025-01-03T00:54:37.695680,44,60,153128,93411,59610,8403,8680,10303,6151,3017
2025-01-03T00:54:38.696464,61,69,46235,9810,14264,10040,5995,17407,4502,1634
2025-01-03T00:54:39.696794,54,69,14626,28598,26426,21825,10505,10493,11843,2385
2025-01-03T00:54:40.696869,61,80,14296,20282,9767,19330,18181,15301,8778,3422
2025-01-03T00:54:41.697605,70,77,3744,34238,13134,19126,20865,15575,10352,5432
2025-01-03T00:54:42.697804,56,67,166144,29971,4590,5960,4709,3813,1413,892
2025-01-03T00:54:43.697946,57,70,3831,12478,40097,8422,13838,8386,4090,4407
2025-01-03T00:54:44.698161,54,64,20133,31093,5135,9699,7284,11916,6031,599
2025-01-03T00:54:45.698276,50,48,354897,151095,6433,6810,8142,20349,3961,1572
2025-01-03T00:54:46.699082,64,57,10041,2316,21903,6529,9868,19929,7347,1727
2025-01-03T00:54:47.699809,63,61,13933,13288,54166,11482,22980,8248,7950,2545
2025-01-03T00:54:48.700389,64,74,11631,10816,22289,18180,11439,14044,4504,3092
2025-01-03T00:54:49.700845,66,90,717378,84102,20820,34789,11076,20616,11386,10437
2025-01-03T00:54:50.701064,53,83,2731042,343453,89732,133245,81314,75942,183464,21938
2025-01-03T00:54:51.701088,50,63,536707,107873,19685,5830,14373,9782,7805,2876
2025-01-03T00:54:52.702013,48,54,656978,21275,8899,8167,3598,8249,9459,1169
2025-01-03T00:54:53.702675,43,38,1217982,155438,5507,7344,3762,13385,9385,8304
2025-01-03T00:54:54.703503,35,23,417816,163543,8369,5869,7897,9273,3039,2728
2025-01-03T00:54:55.704124,48,24,152115,12807,1546,3679,6030,5255,13347,9516
2025-01-03T00:54:56.704982,57,24,26168,7231,4984,10964,11436,17757,20257,9627
2025-01-03T00:54:57.705623,61,38,223297,40142,17029,2937,6713,7025,3361,2852
2025-01-03T00:54:58.706184,70,60,44076,10205,17187,18174,32221,8638,12228,4501
2025-01-03T00:54:59.706898,75,57,136121,13546,1623,3621,4291,7789,2700,1136
2025-01-03T00:55:00.707268,63,60,7729,39475,19498,15520,11599,16278,18355,6845
2025-01-03T00:55:01.707430,64,56,428652,97068,22757,6590,9683,18537,8433,2686
2025-01-03T00:55:02.708122,56,44,273632,93713,13127,10724,8025,7715,4283,2718
2025-01-03T00:55:03.708954,47,50,147851,36353,7177,17694,26906,8995,4287,4840
2025-01-03T00:55:04.709737,48,47,858236,12527,5147,6041,9270,5801,769,467
2025-01-03T00:55:05.709769,51,48,957009,127926,27243,17939,17330,33153,14947,2912
2025-01-03T00:55:06.710411,57,57,115560,51639,28872,20239,17610,16232,13688,2431
2025-01-03T00:55:07.711176,54,53,64323,36395,3664,4929,3793,4315,1402,509
2025-01-03T00:55:08.711792,43,56,338706,15414,8298,1422,2286,1648,4862,1020
2025-01-03T00:55:09.712161,53,63,450328,18494,35488,8440,6038,39296,15140,6468
2025-01-03T00:55:10.712835,54,69,82843,1576,3729,1882,1806,1485,261,482
2025-01-03T00:55:11.713023,66,74,82398,33179,12624,7324,15317,22258,18638,4148
2025-01-03T00:55:12.713609,83,70,6158,17131,11040,7575,10185,15547,10995,5490
2025-01-03T00:55:13.714287,67,60,207902,24471,1442,6031,9161,3381,2873,710
2025-01-03T00:55:14.714487,60,38,109588,26156,2131,1243,2251,2027,1104,460
2025-01-03T00:55:15.715298,48,43,28113,32287,13517,12311,19060,5671,3563,1943
2025-01-03T00:55:16.715756,38,51,35230,10690,24517,21262,18600,8054,9228,1385
2025-01-03T00:55:17.716509,43,51,7012,34884,5896,5287,8847,9756,8201,1657
2025-01-03T00:55:18.717391,54,77,26070,5955,26637,27950,9427,15294,5095,2964
2025-01-03T00:55:19.718137,57,75,289749,48880,17028,6935,5974,9854,1162,1267
2025-01-03T00:55:20.718530,50,75,31341,64056,104444,14273,29943,11620,4048,1821
2025-01-03T00:55:21.719159,41,74,312939,39996,5372,3378,7066,3161,891,573
2025-01-03T00:55:22.719908,37,63,12874,20817,25057,2326,24868,6375,7509,2328
2025-01-03T00:55:23.720825,30,61,37649,72258,18536,9239,17874,8694,7062,4647
2025-01-03T00:55:24.721002,38,60,10712,20404,37367,9741,20458,8305,10302,4144
2025-01-03T00:55:25.721038,48,69,15632,17805,7471,9177,4461,6846,5861,4339
2025-01-03T00:55:26.721973,43,66,124642,24609,5906,4791,1178,3026,771,522
2025-01-03T00:55:27.722300,47,66,6232,49464,6374,12916,13240,8402,1135,1561
2025-01-03T00:55:28.722664,48,64,20646,28940,24611,12628,8710,11849,5052,1017
2025-01-03T00:55:29.723541,40,60,64284,26853,10230,2907,2287,3016,1923,211
2025-01-03T00:55:30.724488,44,80,36598,10777,9236,57077,6615,10759,17818,2461
2025-01-03T00:55:31.725370,29,78,156477,61384,11481,5521,4525,1946,814,1003
2025-01-03T00:55:32.726198,35,77,8960,14059,22206,4487,20079,11167,6030,2476
2025-01-03T00:55:33.727145,40,70,167334,28071,6558,2463,2855,5333,2546,1370
2025-01-03T00:55:34.727391,44,56,17340,24868,22168,3954,14435,11964,8886,596
2025-01-03T00:55:35.728034,57,54,15862,54628,5770,9893,13737,7727,5474,2355
2025-01-03T00:55:36.728947,61,53,48787,12495,14319,7020,16394,13505,4185,3238
2025-01-03T00:55:37.729369,53,64,22856,30141,11550,32325,12127,4343,2518,1185
2025-01-03T00:55:38.729906,40,64,186681,301444,141521,12302,22628,21462,4532,1922
2025-01-03T00:55:39.730469,40,70,394557,111540,39818,28333,44870,22366,5888,3709
2025-01-03T00:55:40.730515,34,66,16462,64447,20336,9581,9938,18292,5846,2644
2025-01-03T00:55:41.730805,48,66,5669,9310,12892,13945,6041,12155,6592,1893
2025-01-03T00:55:42.730921,57,74,12466,33353,21281,25498,10586,11859,3932,7536
2025-01-03T00:55:43.731006,51,57,110259,203668,7293,14817,23834,11355,5792,2151
2025-01-03T00:55:44.731128,50,60,22952,32258,9795,12292,12526,8707,4024,5134
2025-01-03T00:55:45.731558,44,60,11302,23072,44348,12772,19854,14248,5294,2690
2025-01-03T00:55:46.732482,48,51,12487,40035,5327,18574,9384,15294,4544,2444
2025-01-03T00:55:47.733365,56,78,14191,15153,26577,34393,12996,10837,3116,2143
2025-01-03T00:55:48.733626,61,81,4516,17765,5081,14087,7766,9308,2781,1835
2025-01-03T00:55:49.734487,70,80,15585,4384,6645,20321,11726,17254,10259,3019
2025-01-03T00:55:50.734757,70,83,4625,29113,24702,13034,17034,20104,2615,3324
2025-01-03T00:55:51.734815,87,70,9615,18338,12011,7579,6529,26114,7890,4538
2025-01-03T00:55:52.735659,87,69,9057,34143,11814,16731,7578,15818,4752,3743
2025-01-03T00:55:53.736554,77,64,15612,43566,12764,27912,20670,14345,6615,2604
2025-01-03T00:55:54.737323,74,74,18616,17424,46744,8202,6668,14637,9514,2521
2025-01-03T00:55:55.737972,60,78,2987,44081,43651,13037,31741,13213,8283,1582
2025-01-03T00:55:56.738820,40,70,243703,24121,1563,3714,2381,849,502,165
2025-01-03T00:55:57.739599,38,67,6942,24701,3287,12130,15389,5732,3855,3246
2025-01-03T00:55:58.740538,23,51,142434,228611,7471,51197,11229,10251,8160,3471
2025-01-03T00:55:59.740739,27,54,71457,17934,28547,10108,14995,11380,4947,5610
2025-01-03T00:56:00.741208,47,57,93805,23444,1299,10604,5195,8091,4132,2579
2025-01-03T00:56:01.741238,48,61,20029,53971,35494,12424,19982,17992,2999,6388
2025-01-03T00:56:02.741871,53,53,173951,12753,135,1133,518,840,260,123
2025-01-03T00:56:03.742391,50,48,1083,24683,7541,17165,14151,7292,2997,2390
2025-01-03T00:56:04.743239,44,54,424613,82173,29382,16768,4120,9938,16338,5056
2025-01-03T00:56:05.743683,51,84,360855,13074,59266,5484,5628,9169,2958,1507
2025-01-03T00:56:06.744069,63,80,10536,16832,4660,10056,13129,16492,4589,2611
2025-01-03T00:56:07.744732,44,70,141382,50280,11281,3987,7453,3557,2150,499
2025-01-03T00:56:08.744856,48,67,99616,19030,4395,6376,4864,3386,2829,1370
2025-01-03T00:56:09.745370,48,51,13480,44237,8656,21778,21978,7949,8957,1678
2025-01-03T00:56:10.745671,40,61,16902,13197,13590,15099,7428,9996,2031,3407
2025-01-03T00:56:11.745792,48,77,138483,9412,17592,2481,2408,3498,793,642
2025-01-03T00:56:12.746179,47,70,8288,55043,15565,3142,28288,7530,4239,996
2025-01-03T00:56:13.746629,56,70,37485,23914,10686,10973,16721,15046,10723,2550
2025-01-03T00:56:14.747578,47,60,2268881,139232,20895,32384,30952,14138,10031,4360
2025-01-03T00:56:15.748146,48,47,594113,51303,14443,3768,5355,10640,5720,2489
2025-01-03T00:56:16.748176,51,60,93831,46412,28088,47288,13066,17495,9129,2081
2025-01-03T00:56:17.748888,37,53,119425,198670,9613,31264,23246,13586,6706,3185
2025-01-03T00:56:18.749374,41,54,145189,97086,42080,8785,7073,22374,6823,5511
2025-01-03T00:56:19.749495,40,70,17130,20435,47164,8189,9973,9070,4295,2040
2025-01-03T00:56:20.750217,44,60,120318,98399,10882,28995,8756,30804,11737,5270
2025-01-03T00:56:21.750765,38,64,252559,69480,17336,5628,6029,2877,2374,677
2025-01-03T00:56:22.751658,38,57,179221,227747,35464,20732,53610,33147,10954,1792
2025-01-03T00:56:23.752248,38,41,68760,57576,6783,9618,3661,9513,1172,1810
2025-01-03T00:56:24.753093,35,48,271624,29280,12214,26627,25254,10432,5079,2430
2025-01-03T00:56:25.753516,51,53,12544,31320,8000,14270,6226,10930,4989,5131
2025-01-03T00:56:26.754008,50,51,19888,67424,3220,9737,8704,8676,6120,1515
2025-01-03T00:56:27.754363,60,56,34003,22007,18530,11085,21550,18305,4892,1378
2025-01-03T00:56:28.754696,57,48,32976,50115,4641,12446,8782,8805,1785,1312
2025-01-03T00:56:29.755433,54,50,93276,68997,9878,41798,11421,15009,6239,2641
2025-01-03T00:56:30.756066,40,60,240848,51077,21231,7276,4664,1724,1508,796
2025-01-03T00:56:31.756286,40,56,289939,63031,18340,14593,32969,31833,10771,2535
2025-01-03T00:56:32.756293,44,64,23280,33063,14255,26259,11747,16083,8810,2616
